defaults/ash_elev.asc
ncols         382
nrows         266
xllcorner     157819.328125
yllcorner     384678.625
cellsize      30
NODATA_value  -9999
[rows 190 to 227 of 266, columns 261 to 347 of 382]
765 765 765 766 766 766 766 766 767 768 767 767 767 768 768 768 768 769 769 770 771 772 772 772 773 774 775 775 776 777 777 778 778 780 783 790 804 818 822 822 826 830 831 832 837 849 862 872 880 883 880 872 866 865 865 865 866 870 881 899 908 902 893 894 900 904 908 919 936 954 973 992 1010 1029 1048 1067 1069 1058 1042 1029 1018 1012 1007 1003 1002 1002 1001
764 764 765 765 765 765 766 766 767 767 767 767 767 767 767 767 768 768 769 770 770 771 771 772 772 773 774 774 775 776 776 777 778 778 779 782 792 806 814 815 816 817 817 818 822 832 845 856 865 869 864 854 848 846 846 849 855 864 875 879 873 864 862 871 878 882 893 912 932 949 963 980 1000 1023 1041 1045 1035 1018 1005 997 990 985 983 982 982 982 980
764 764 764 764 764 765 765 765 766 766 766 766 766 767 767 767 767 768 768 769 769 770 770 771 771 772 773 773 774 775 776 777 778 779 780 780 793 807 810 810 806 802 801 802 804 811 820 829 836 842 843 836 831 834 838 845 849 850 847 843 838 836 838 844 853 864 880 903 924 932 937 953 973 998 1009 1001 991 980 971 965 962 961 960 960 961 962 962
763 763 763 763 764 764 764 765 765 766 766 766 766 766 766 767 767 767 768 768 768 769 769 770 771 771 772 773 773 774 775 777 779 780 782 782 790 799 803 802 802 789 785 786 787 791 798 805 810 815 819 818 821 828 833 835 831 824 819 815 813 812 814 821 832 848 865 886 900 905 917 935 953 969 968 956 950 946 942 936 932 933 936 939 941 943 944
762 762 763 763 763 764 764 764 765 765 765 765 766 766 766 766 766 767 767 768 768 768 769 769 769 770 771 772 773 774 775 777 780 782 783 786 790 795 797 795 788 781 780 780 780 780 783 788 794 799 800 805 813 817 818 814 808 801 797 795 795 795 797 805 817 832 848 864 874 885 904 924 940 945 935 924 919 916 912 908 905 906 913 921 925 927 926
762 762 762 763 763 763 764 764 764 765 765 765 765 766 766 766 766 766 767 767 767 767 768 768 769 769 770 771 772 774 776 778 780 782 784 787 789 792 791 789 785 781 780 780 779 779 779 779 780 783 784 792 796 797 797 793 788 785 785 786 787 787 790 794 804 817 832 848 861 875 896 915 926 921 904 897 896 894 889 888 887 887 893 901 907 909 908
761 762 762 762 763 763 763 764 764 764 764 765 765 765 765 766 766 766 767 767 767 767 768 768 768 769 769 770 773 775 777 779 780 782 783 785 787 788 787 786 783 781 780 780 779 779 779 779 779 779 780 781 783 783 783 782 780 780 780 780 782 784 787 790 794 802 817 833 853 870 893 901 909 892 876 870 871 871 868 866 865 866 874 881 885 887 888
761 761 762 762 762 763 763 763 764 764 764 764 764 765 765 765 765 766 766 766 767 767 767 767 768 768 769 770 772 774 776 778 779 780 781 783 784 785 784 783 782 780 780 780 780 779 779 779 779 779 780 780 780 780 780 779 779 779 780 780 780 780 783 787 790 792 803 821 841 864 885 895 886 867 858 849 849 850 849 848 846 851 858 862 864 868 870
760 761 761 762 762 762 762 762 763 763 764 764 764 764 764 765 765 765 766 766 766 767 767 767 767 768 768 769 773 774 776 777 778 778 779 780 781 782 782 782 781 780 780 780 780 779 779 779 778 778 779 779 779 779 779 779 779 779 780 780 780 780 780 785 788 790 795 809 831 855 879 880 856 849 839 831 833 833 834 832 830 837 842 846 854 860 864
760 760 761 761 761 762 762 762 763 763 763 763 764 764 764 764 764 765 766 766 766 766 766 767 767 767 768 769 771 772 774 775 776 776 777 778 779 781 781 781 780 779 779 779 779 780 779 779 778 778 778 779 779 779 779 779 779 779 780 780 780 780 781 784 787 790 792 800 817 838 854 851 837 828 820 818 820 821 821 823 826 827 832 841 852 860 867
759 760 760 761 761 761 761 762 762 762 763 763 763 763 764 764 764 764 765 765 766 766 766 766 767 767 767 768 769 771 773 774 774 774 775 777 778 780 780 780 779 778 778 778 778 779 779 779 778 778 778 778 778 778 778 779 779 779 780 780 780 782 783 784 787 789 790 793 802 816 829 834 823 806 807 811 814 817 819 821 824 826 831 840 852 864 873
759 760 760 760 761 761 761 761 762 762 762 762 763 763 763 763 764 764 765 765 765 766 766 766 766 767 767 768 769 770 771 772 773 773 774 776 777 779 779 779 778 777 777 777 777 778 779 779 778 778 778 778 778 778 778 778 779 779 780 780 780 782 783 784 786 788 789 791 793 802 817 817 802 798 804 810 818 823 823 824 825 827 833 844 854 863 870
759 759 760 760 760 760 761 761 761 762 762 762 762 762 763 763 763 764 764 764 765 765 765 766 766 767 767 768 769 770 770 771 771 772 773 775 777 778 778 778 777 776 776 776 777 778 778 779 779 778 778 778 778 778 778 778 779 779 779 780 780 782 783 784 786 788 789 790 791 797 804 799 793 800 808 816 826 826 826 827 825 826 832 845 856 862 864
758 759 759 760 760 760 760 760 761 761 762 762 762 762 762 763 763 763 764 764 764 765 765 765 766 766 767 767 768 769 769 770 771 772 773 775 776 777 777 777 776 776 776 776 776 777 778 778 779 778 778 778 778 778 778 778 778 779 779 780 781 782 783 784 786 787 788 789 790 791 792 792 796 807 813 819 826 820 822 827 825 826 830 842 855 863 865
758 759 759 759 760 760 760 760 761 761 761 761 762 762 762 762 762 763 763 764 764 764 765 765 766 766 766 767 768 768 769 769 770 771 772 774 775 776 777 777 776 775 775 775 776 776 777 778 778 778 778 778 778 778 778 778 778 779 779 780 781 782 783 784 785 787 788 789 789 790 791 793 802 813 815 817 822 813 818 827 824 823 827 838 852 862 863
758 759 759 759 759 760 760 760 760 761 761 761 761 761 762 762 762 762 763 763 764 764 764 765 765 766 766 767 767 768 768 769 770 771 772 773 775 776 776 776 776 775 775 775 775 776 776 777 778 779 778 778 778 778 778 778 779 779 780 780 781 782 783 784 785 786 787 788 789 789 791 792 798 806 810 812 813 806 809 815 818 825 825 832 845 855 856
758 758 758 759 759 759 759 760 760 760 760 761 761 761 761 762 762 762 763 763 764 764 764 765 765 766 766 767 768 768 769 769 769 770 771 773 774 775 775 776 775 775 775 775 775 775 775 776 777 778 778 778 778 778 778 778 779 779 780 780 781 782 783 784 785 785 786 787 788 789 790 791 793 795 801 803 801 799 800 801 812 817 817 823 830 836 840
758 758 758 758 758 759 759 760 760 760 760 760 760 761 761 761 762 762 763 763 763 764 764 764 765 765 766 766 767 768 768 769 769 770 771 773 774 775 775 775 774 774 774 774 774 775 775 776 776 778 778 778 778 778 778 778 779 779 780 780 781 782 782 783 784 785 786 787 788 789 790 791 791 791 794 796 797 795 793 796 803 807 806 809 811 816 818
757 757 758 758 758 758 758 759 759 760 760 760 760 760 761 761 761 762 762 762 763 763 764 764 764 765 766 766 767 768 768 769 769 770 771 772 773 774 774 774 774 774 774 774 774 774 775 775 776 777 778 778 778 778 778 779 779 779 780 780 780 780 781 783 784 785 786 787 788 788 789 790 790 790 790 793 793 793 790 791 796 799 800 802 802 804 804
757 757 757 757 758 758 758 759 759 759 759 759 760 760 760 760 761 761 762 762 762 763 763 764 764 765 765 766 767 767 768 768 768 769 770 772 773 774 774 774 774 774 774 774 774 774 774 775 775 776 777 777 778 778 778 779 779 779 779 780 780 780 781 782 784 785 786 787 787 787 788 789 789 789 788 791 791 791 789 789 791 792 796 798 799 799 800
756 756 757 757 757 757 757 758 758 758 759 759 759 759 760 760 760 761 762 762 762 762 763 763 764 764 765 765 766 767 767 768 768 769 770 771 773 773 774 774 773 773 773 773 773 774 774 774 775 776 776 777 778 778 779 779 779 779 779 779 780 780 781 782 784 785 786 786 786 787 788 788 788 788 788 790 790 789 788 788 789 790 792 795 796 796 796
756 756 756 756 757 757 757 758 758 758 758 758 759 759 759 760 760 760 761 761 762 762 762 763 763 764 764 765 766 766 767 767 768 768 769 771 772 773 774 773 773 773 773 773 773 773 774 774 774 775 776 776 777 778 779 780 780 780 780 779 780 781 782 783 784 785 785 786 786 786 787 787 787 787 787 788 788 788 787 787 788 788 790 792 793 794 793
752 754 755 756 756 756 756 757 757 757 757 758 758 758 759 759 760 760 761 761 761 762 762 763 763 763 764 764 765 766 766 767 768 768 769 770 771 772 773 773 772 772 772 772 773 773 773 774 774 775 775 776 777 778 779 780 780 780 780 780 781 781 782 783 784 785 785 785 786 786 786 786 786 787 787 787 787 787 786 786 787 787 788 789 789 788 787
750 752 754 754 755 755 755 756 756 756 757 757 757 758 758 759 759 760 760 761 761 761 762 762 763 763 763 764 765 766 766 767 768 768 769 770 771 771 772 772 772 772 772 772 772 773 773 774 774 775 775 776 776 778 779 780 780 780 781 781 781 782 783 783 784 785 785 785 785 785 786 786 786 787 787 786 786 786 786 785 785 784 784 784 783 782 779
750 750 751 750 752 754 755 756 756 755 756 756 757 757 758 758 758 759 760 760 761 761 761 762 762 763 763 763 764 765 766 767 767 768 768 769 770 771 772 772 772 772 772 772 772 773 773 773 774 774 775 775 776 777 779 779 780 780 781 781 782 782 783 784 784 784 784 784 784 784 785 785 786 787 787 786 786 786 786 785 784 782 782 779 775 773 770
750 750 750 750 750 750 750 751 753 755 755 756 757 757 757 758 758 759 759 760 760 760 761 761 762 762 762 763 764 765 766 767 767 768 768 769 770 770 771 771 771 771 771 772 772 772 773 773 773 774 774 775 776 777 778 779 780 781 781 781 782 782 783 784 784 784 784 784 784 784 784 784 786 788 786 785 785 785 785 785 783 779 774 771 768 768 767
750 750 750 750 750 750 750 750 750 753 756 756 756 757 757 757 758 759 759 760 760 760 760 761 761 762 762 763 764 765 766 767 767 768 768 769 770 770 771 771 771 771 771 771 772 772 772 773 773 774 774 775 776 777 778 779 780 781 781 782 782 783 783 784 784 784 784 783 783 783 784 784 785 788 786 785 785 784 783 781 775 770 768 767 767 768 767
750 750 750 750 750 750 750 750 750 751 752 754 756 756 756 757 757 758 759 759 760 760 760 761 761 762 762 763 764 765 767 767 767 768 768 769 770 770 770 770 770 770 770 771 771 772 772 772 773 773 774 775 776 777 778 779 780 780 781 782 782 783 783 783 783 783 783 783 782 783 783 783 785 788 785 784 782 780 775 769 768 767 767 767 766 766 766
750 750 750 750 750 750 750 750 750 750 750 751 753 755 756 756 757 758 758 759 759 759 760 760 760 761 761 762 763 764 765 766 766 767 768 768 769 769 769 769 770 770 770 771 771 771 772 772 773 774 774 775 776 777 778 779 780 780 781 782 782 783 782 782 782 782 782 782 782 782 782 782 782 787 782 778 775 770 768 767 767 767 766 766 766 766 765
750 750 750 750 750 750 750 750 750 750 750 750 750 752 755 756 756 757 758 758 758 759 759 760 760 760 761 761 762 763 764 764 765 766 767 767 768 768 769 769 769 769 770 770 770 771 771 772 773 773 774 774 775 776 777 779 780 780 781 782 782 782 782 781 781 781 781 782 781 781 781 781 779 777 773 770 767 767 766 766 766 766 766 766 765 765 765
750 750 750 750 750 750 750 750 750 750 750 750 750 750 752 755 756 757 757 758 758 758 759 759 759 760 760 761 762 762 762 763 764 765 765 766 767 767 768 768 768 769 769 769 770 770 771 771 772 773 773 774 774 775 777 778 779 780 780 781 782 781 781 780 780 780 781 781 781 780 779 774 770 767 767 767 766 766 766 765 766 765 765 765 765 764 764
750 750 750 750 750 750 750 750 750 750 750 750 750 750 750 753 755 756 757 757 758 758 758 759 759 759 759 760 760 761 761 762 763 763 764 765 765 765 766 767 768 768 768 769 769 770 770 770 771 772 772 773 774 774 776 777 779 779 779 780 781 781 780 779 778 778 779 779 778 774 768 766 764 764 766 766 766 765 765 765 765 765 765 765 764 764 764
750 750 750 750 750 750 750 750 750 750 750 750 750 750 750 750 753 756 756 757 757 758 758 758 758 758 758 759 759 760 760 761 761 762 763 763 764 764 765 766 766 767 768 768 769 769 769 770 771 771 772 772 773 773 774 775 777 777 778 779 780 780 780 777 773 772 772 772 771 771 768 765 763 764 766 765 765 765 764 764 764 764 764 764 764 764 763
750 750 750 750 750 750 750 750 750 750 750 750 750 750 750 750 750 754 756 756 757 757 757 758 757 757 757 758 758 758 759 759 760 760 761 762 762 763 764 764 765 766 767 768 768 768 769 769 770 770 770 771 771 772 773 773 773 773 774 777 778 775 772 770 768 767 767 767 766 767 768 766 763 764 765 765 765 764 764 764 764 764 764 764 764 764 763
750 750 750 750 750 750 750 750 750 750 750 750 750 750 750 750 750 751 754 755 756 757 757 757 756 756 756 757 757 757 757 758 758 759 760 760 761 761 762 763 764 765 766 767 767 768 768 768 769 769 770 770 770 771 770 771 771 771 770 770 770 768 765 765 765 765 765 765 765 766 765 764 763 764 764 764 764 764 764 763 764 764 764 764 763 763 763
750 750 750 750 750 750 750 750 750 750 750 750 750 750 750 750 750 750 752 752 755 756 757 757 756 756 756 756 756 756 756 756 757 758 758 759 759 760 761 761 762 763 764 765 766 767 767 767 768 769 769 769 769 769 769 769 769 769 768 768 767 766 765 765 765 765 765 765 765 765 765 764 763 764 764 764 764 764 763 763 763 763 763 763 763 763 762
750 750 750 750 750 750 750 750 750 750 750 750 750 750 750 750 750 750 751 751 753 756 756 756 756 755 755 756 756 756 756 756 756 756 757 757 758 758 759 760 761 762 762 763 765 765 766 766 767 768 768 768 769 769 768 768 768 767 767 767 767 766 765 764 764 764 764 764 764 764 764 764 764 764 764 764 763 763 763 763 763 763 763 763 762 762 762
750 750 750 750 750 750 750 750 750 750 750 750 750 750 750 750 750 750 750 751 752 753 756 755 755 754 754 755 755 755 755 755 755 755 755 756 756 757 758 758 759 760 760 762 763 763 764 764 765 766 766 768 768 768 768 767 766 766 766 766 766 765 764 764 764 764 764 764 764 764 764 764 763 763 763 763 763 763 763 763 763 762 762 762 762 762 761
