defaults/ash_elev.asc
ncols         382
nrows         266
xllcorner     157819.328125
yllcorner     384678.625
cellsize      30
NODATA_value  -9999
[rows 76 to 113 of 266, columns 87 to 173 of 382]
-9999 -9999 -9999 -9999 -9999 -9999 -9999 -9999 -9999 -9999 -9999 -9999 -9999 -9999 -9999 -9999 -9999 -9999 -9999 -9999 -9999 -9999 -9999 -9999 -9999 -9999 -9999 -9999 -9999 -9999 -9999 -9999 -9999 -9999 -9999 -9999 -9999 -9999 -9999 -9999 -9999 -9999 -9999 -9999 -9999 -9999 -9999 -9999 -9999 -9999 -9999 -9999 -9999 -9999 -9999 -9999 -9999 -9999 -9999 -9999 -9999 -9999 -9999 -9999 -9999 -9999 959 955 947 940 936 935 934 932 929 927 925 924 922 922 922 926 929 933 935 938 941
839 840 841 842 844 845 -9999 -9999 -9999 -9999 847 846 -9999 -9999 -9999 -9999 -9999 -9999 -9999 -9999 -9999 -9999 -9999 -9999 -9999 -9999 -9999 -9999 -9999 -9999 -9999 -9999 -9999 -9999 -9999 -9999 -9999 -9999 -9999 -9999 -9999 -9999 -9999 -9999 -9999 -9999 -9999 -9999 -9999 -9999 -9999 -9999 -9999 -9999 -9999 -9999 -9999 -9999 -9999 -9999 -9999 -9999 -9999 -9999 -9999 -9999 947 944 939 935 931 929 928 926 923 921 919 917 916 915 916 920 925 928 931 935 939
840 840 841 843 845 846 846 846 846 846 847 847 846 845 844 843 843 842 842 842 -9999 -9999 -9999 -9999 -9999 -9999 -9999 -9999 -9999 -9999 -9999 -9999 -9999 -9999 -9999 -9999 -9999 -9999 -9999 -9999 -9999 -9999 -9999 -9999 -9999 -9999 -9999 -9999 -9999 -9999 -9999 -9999 -9999 -9999 -9999 -9999 -9999 -9999 -9999 -9999 -9999 -9999 -9999 -9999 -9999 -9999 937 934 932 929 926 924 923 921 918 915 913 910 909 908 910 914 918 923 928 934 939
841 841 843 844 846 847 847 846 846 846 846 847 847 846 844 844 843 843 842 842 842 842 842 842 842 842 842 842 842 842 842 841 841 841 841 841 -9999 -9999 -9999 -9999 -9999 -9999 -9999 -9999 -9999 -9999 -9999 -9999 -9999 -9999 -9999 -9999 -9999 -9999 -9999 -9999 -9999 -9999 -9999 -9999 -9999 -9999 -9999 -9999 -9999 -9999 929 927 926 924 922 919 918 916 913 909 906 903 902 902 905 910 915 921 927 934 940
841 842 843 845 846 846 846 846 845 845 846 846 846 845 844 844 843 843 843 842 842 842 842 842 842 842 842 842 842 842 842 841 841 841 841 841 841 841 841 841 841 841 841 841 841 841 841 -9999 -9999 -9999 -9999 -9999 -9999 -9999 -9999 -9999 -9999 -9999 -9999 -9999 -9999 -9999 -9999 -9999 -9999 927 922 919 918 917 916 914 913 912 908 903 899 896 897 900 904 910 916 922 928 935 941
842 842 843 844 845 846 845 845 845 844 845 845 845 845 844 844 843 843 842 842 842 842 842 842 842 842 842 842 842 842 842 842 841 841 841 841 841 841 841 841 841 841 841 841 841 841 841 841 841 841 841 841 841 841 841 844 850 -9999 -9999 -9999 -9999 -9999 -9999 -9999 -9999 919 913 911 910 910 910 909 908 907 905 899 893 890 893 900 906 911 917 923 931 938 945
842 843 843 844 844 845 844 844 844 844 844 844 844 844 844 843 843 842 842 842 842 842 842 842 842 842 842 842 842 842 842 842 841 841 841 841 841 841 841 841 841 841 841 841 841 841 841 841 841 841 841 841 841 841 841 841 848 860 877 891 901 907 912 916 916 909 904 902 902 902 902 902 902 902 902 895 889 888 895 903 908 913 920 928 938 948 957
842 842 843 843 843 844 844 843 843 843 844 844 844 844 843 843 843 842 842 842 842 842 842 842 842 842 842 842 841 841 841 841 841 841 841 841 841 841 841 841 841 841 841 841 841 841 841 841 841 841 841 841 841 841 841 841 846 857 872 886 893 898 903 906 904 899 895 894 894 894 894 893 893 893 894 890 887 888 896 904 911 919 930 944 955 964 972
842 842 842 842 842 843 843 843 843 843 843 843 843 843 843 843 842 842 842 842 842 842 842 841 841 841 841 841 841 841 841 841 841 841 841 841 841 841 841 841 841 841 841 841 841 841 841 841 841 841 841 841 841 841 841 841 842 852 864 877 886 891 895 896 894 889 886 885 884 884 884 884 882 881 883 881 883 888 896 906 918 931 945 958 969 978 986
841 841 842 842 842 842 842 842 842 842 843 843 843 843 843 843 842 842 842 842 842 842 841 841 841 841 841 841 841 841 841 841 841 841 841 841 841 841 841 841 841 841 841 841 841 841 841 841 841 841 841 841 841 841 841 841 841 847 856 867 877 883 887 887 883 878 876 876 876 876 875 875 874 875 877 876 880 888 897 910 927 940 954 968 980 989 997
840 841 841 841 841 842 842 842 842 842 842 842 842 842 842 842 842 842 842 842 842 842 841 841 841 841 841 841 841 841 841 841 841 841 841 841 841 841 841 841 841 841 841 841 841 841 841 841 841 841 841 841 841 841 841 841 841 844 850 857 866 874 879 879 874 870 868 868 869 870 871 871 871 872 874 875 880 889 900 916 932 945 959 975 988 998 1010
839 840 840 840 841 842 842 842 842 842 842 842 842 842 842 842 842 842 842 842 842 842 841 841 841 841 841 841 841 841 841 841 841 841 841 841 841 841 841 841 841 841 841 841 841 841 841 841 841 841 841 841 841 841 841 841 841 842 846 852 856 863 868 869 866 863 862 863 864 865 866 868 869 870 873 876 882 891 903 920 935 948 962 979 994 1008 1024
838 839 839 840 841 841 841 841 841 841 842 841 841 841 841 841 841 841 842 842 842 842 841 841 841 841 841 841 841 841 841 841 841 841 841 841 841 841 841 841 841 841 841 841 841 841 841 841 841 841 841 841 841 841 841 841 841 842 843 848 851 853 856 858 857 856 857 859 861 862 863 865 866 869 872 876 883 893 905 921 935 948 963 982 1000 1016 1031
837 838 839 840 840 840 840 840 841 840 841 841 841 841 841 841 840 841 841 841 842 842 841 841 841 841 841 841 841 841 841 841 841 841 841 841 841 841 841 841 841 841 841 841 841 841 841 841 841 841 841 841 841 841 841 841 841 842 843 846 850 851 852 852 852 852 854 856 858 860 862 863 864 867 871 875 883 894 906 921 934 948 964 984 1004 1020 1033
836 837 838 839 839 840 840 840 840 840 840 840 840 840 840 840 840 840 840 841 841 842 841 841 841 841 841 841 841 841 841 841 841 841 841 841 841 841 841 841 841 841 841 841 841 841 841 841 841 841 841 841 841 841 841 841 841 842 842 845 848 850 851 851 851 851 853 855 856 858 860 861 864 866 869 873 881 893 908 924 939 953 968 986 1006 1023 1032
836 836 837 838 838 839 839 839 839 839 840 840 840 839 839 839 839 839 840 840 841 841 841 841 841 841 841 841 841 841 841 841 841 841 841 841 841 841 841 841 841 841 841 841 840 840 840 840 841 841 841 841 841 841 841 841 841 841 842 845 847 848 849 850 850 850 852 853 855 857 858 861 863 865 868 873 880 893 911 930 949 963 976 990 1009 1024 1028
835 836 836 837 837 838 838 838 838 838 839 839 839 839 839 839 839 839 839 840 840 841 841 841 841 841 841 841 841 841 841 841 841 841 841 841 841 841 841 841 841 841 840 840 840 840 840 840 841 841 841 841 841 841 841 841 841 842 843 845 846 847 848 848 849 850 851 852 854 855 857 859 861 863 867 872 880 894 914 934 954 968 979 991 1006 1017 1018
834 835 836 836 836 837 837 837 837 837 838 838 838 838 838 838 838 838 839 839 840 841 841 841 841 841 841 841 841 841 841 841 841 841 841 841 841 841 841 841 841 840 840 840 840 840 840 841 841 841 842 842 842 842 842 842 843 843 844 845 845 846 847 848 848 849 850 851 852 854 856 857 860 862 865 871 879 893 912 932 950 964 974 986 997 1006 1005
834 834 835 835 836 836 836 836 836 837 837 837 837 837 837 837 837 838 838 839 840 840 840 841 841 841 841 841 841 841 841 841 841 841 841 841 841 841 841 840 840 839 840 840 840 840 840 841 842 842 842 842 842 842 842 843 843 844 844 844 845 845 846 847 847 848 849 850 851 853 854 855 857 860 863 869 878 890 906 924 941 955 967 978 988 993 992
833 834 834 835 835 835 835 836 836 836 837 837 837 837 837 837 837 837 837 838 839 839 840 840 840 840 840 840 841 841 841 841 841 841 841 840 840 840 840 840 839 839 839 839 840 840 840 842 842 842 842 842 842 843 843 844 844 844 844 844 844 844 845 845 846 846 847 849 850 851 852 852 856 859 862 866 875 886 899 913 932 946 960 968 975 977 977
833 834 834 834 834 834 835 835 835 836 836 836 836 836 836 836 836 836 836 837 838 838 838 838 839 839 839 839 840 840 841 841 841 840 840 840 839 839 839 839 837 838 838 839 840 840 841 841 841 842 842 842 842 843 843 843 843 843 843 843 843 843 843 843 844 845 846 847 848 849 851 853 855 858 861 865 872 881 894 907 922 935 949 956 959 961 962
833 833 833 834 834 834 834 834 834 835 835 835 835 835 835 835 835 835 836 836 837 837 837 837 838 838 838 838 839 839 840 840 840 839 839 838 838 837 837 836 835 836 837 839 840 841 841 841 841 841 841 842 842 842 842 842 842 842 841 842 842 841 841 842 843 843 844 845 846 848 850 852 854 856 859 863 869 878 891 904 916 926 936 941 944 947 950
832 833 833 833 833 834 834 834 834 834 835 835 835 835 835 835 835 835 835 835 836 836 836 836 836 837 837 837 837 837 838 839 838 838 837 837 836 835 834 832 832 834 836 838 840 841 841 841 840 841 841 841 841 841 841 841 841 841 840 840 840 839 840 840 841 842 842 843 843 846 848 850 852 855 858 862 866 876 888 902 914 921 928 933 935 938 941
832 832 832 833 833 833 833 833 833 834 834 834 834 834 834 834 834 834 834 834 835 835 835 835 835 835 835 835 835 836 837 837 837 836 836 835 835 834 832 830 829 831 834 837 839 839 840 840 840 839 839 840 840 840 840 839 839 839 839 839 839 838 838 839 840 840 840 841 841 844 846 848 850 853 856 860 865 873 885 899 910 917 924 927 927 930 933
831 832 832 832 832 832 833 833 833 834 834 834 834 834 833 833 833 833 833 833 834 834 834 834 834 834 834 834 834 834 835 835 835 835 835 834 833 833 832 830 828 830 832 834 837 838 838 838 838 838 838 838 838 838 838 837 837 837 837 836 836 837 837 837 838 838 839 839 840 842 844 846 849 852 855 859 863 869 880 893 902 909 914 917 920 922 927
831 831 831 832 832 832 832 832 832 833 833 833 833 833 833 833 833 833 833 832 833 833 833 833 833 832 832 832 832 832 833 833 833 833 833 833 832 831 831 830 828 829 830 832 835 836 837 837 837 837 837 837 837 836 836 836 835 835 835 835 834 835 835 836 836 836 837 838 839 840 842 845 847 850 853 856 860 865 874 885 895 901 905 908 911 916 921
830 830 831 831 831 831 832 832 832 833 833 833 832 832 832 832 832 832 832 832 832 832 832 832 831 831 830 830 830 830 830 831 832 832 832 831 831 830 829 829 828 829 830 832 833 835 836 836 836 836 835 836 835 834 834 834 833 833 833 832 832 833 833 833 834 834 835 836 837 839 840 842 845 847 850 853 857 861 868 878 888 895 897 899 903 909 916
830 830 830 831 831 831 831 831 832 832 832 832 831 831 831 831 831 831 831 831 831 831 831 831 830 830 830 829 828 828 829 830 831 830 830 830 830 829 828 828 828 829 830 831 833 834 834 835 835 834 834 835 834 833 832 832 831 831 831 830 830 831 831 831 832 832 832 833 835 837 838 840 842 845 848 850 853 858 864 872 883 890 891 891 895 903 910
829 830 830 830 830 830 830 831 831 832 832 831 831 830 830 830 830 830 830 831 830 830 830 830 829 829 829 828 828 829 829 830 830 829 829 829 829 828 828 828 828 829 830 831 832 833 833 834 834 833 833 833 833 832 830 829 830 829 828 828 828 829 829 830 830 830 831 831 832 834 836 838 840 843 845 848 851 855 861 867 876 882 884 884 888 896 904
828 829 830 829 829 829 830 830 831 831 831 831 830 830 829 829 829 830 830 830 830 829 829 829 829 828 828 828 828 829 829 830 830 829 828 828 828 828 828 828 828 829 829 830 831 832 833 833 833 832 832 832 832 831 829 828 828 828 827 827 827 828 828 828 828 828 829 829 830 831 832 834 837 839 842 845 849 853 858 862 869 875 878 878 882 889 898
827 828 829 829 828 829 829 830 830 831 831 830 830 829 828 828 829 829 829 830 829 829 828 828 828 828 828 828 828 829 829 830 830 829 828 827 827 827 827 827 828 828 829 830 831 832 832 832 832 831 831 831 831 830 829 827 827 826 826 825 826 827 827 827 826 826 827 827 828 829 829 831 834 837 840 843 846 850 854 858 863 864 869 873 878 885 893
826 827 828 828 828 828 829 830 830 830 830 830 829 828 828 828 828 828 828 829 829 828 828 827 827 827 827 827 828 829 829 830 829 828 827 827 827 827 827 827 828 828 829 830 831 831 831 831 831 830 830 830 829 829 828 827 825 825 825 825 824 825 825 824 824 824 825 826 826 826 827 828 831 834 837 841 843 846 850 853 857 861 865 870 875 881 889
824 826 826 827 827 828 829 830 830 830 830 830 829 828 827 827 827 827 827 828 828 828 827 827 826 826 826 827 828 828 829 829 828 828 827 826 826 826 826 826 827 828 829 830 831 831 831 830 830 829 829 829 828 827 827 826 825 824 824 823 823 823 822 822 822 822 823 823 824 824 826 827 828 831 834 838 840 842 846 850 854 858 863 868 873 879 886
823 824 825 826 827 828 829 829 830 830 830 829 829 828 827 827 827 826 826 827 827 827 826 826 826 826 826 826 827 827 828 828 827 827 826 826 826 826 826 826 827 828 829 830 830 830 830 830 829 829 828 828 827 826 825 825 824 823 823 822 821 821 820 819 820 820 821 821 822 822 824 825 826 829 832 835 837 840 843 847 851 855 859 865 871 878 883
822 823 824 825 826 827 828 829 829 829 829 829 828 828 827 826 826 826 826 826 826 826 826 825 825 825 825 825 826 826 827 827 826 826 826 825 825 825 825 826 827 828 829 830 830 830 830 829 828 828 827 826 825 825 824 823 822 822 821 821 820 819 818 817 818 819 819 820 820 821 822 823 825 828 830 833 835 837 841 844 847 852 856 861 867 875 880
821 822 822 823 825 826 828 828 828 829 828 828 827 827 826 826 825 825 825 825 825 825 825 825 824 824 824 824 825 825 826 826 825 825 825 824 824 824 825 826 827 828 829 829 829 829 829 829 828 827 826 825 824 823 822 821 821 820 820 820 819 819 818 816 816 817 818 817 817 819 820 822 824 826 828 830 832 835 838 841 843 847 852 858 863 870 877
820 820 821 821 823 824 826 827 827 828 828 827 826 826 825 825 824 824 824 824 824 824 824 824 824 823 823 823 823 824 825 824 824 824 824 824 824 824 824 825 827 828 828 828 828 827 828 828 827 826 824 823 822 821 820 820 819 819 819 819 819 818 818 816 816 816 816 816 816 817 818 820 821 823 825 827 829 831 834 837 840 844 850 855 860 865 872
819 819 819 820 820 822 824 825 825 827 826 826 825 825 824 824 824 823 823 824 824 823 823 823 823 822 822 822 822 823 824 824 823 823 823 823 823 823 823 824 825 827 826 826 826 826 826 826 825 824 823 822 820 819 818 818 818 817 817 817 817 817 817 816 815 815 815 814 815 815 816 818 819 821 823 824 826 828 832 835 838 842 847 852 858 862 867
