defaults/ash_aspect.asc
ncols         382
nrows         266
xllcorner     157819.328125
yllcorner     384678.625
cellsize      30
NODATA_value  -9999
[rows 30 to 59 of 266, columns 201 to 267 of 382]
-9999 -9999 -9999 -9999 -9999 256.7595 247.6199 230.8263 214.6952 199.204 180 168.3885 164.4949 166.139 173.491 180.3951 183.9725 190.2348 196.9908 201.9385 206.0754 211.4834 216.0274 216.3045 214.2157 209.859 199.9037 190.4258 184.6582 180.3951 177.4142 176.4677 179.2927 186.9003 198.6669 210.7097 219.7582 225 228.0128 229.1596 229.4412 231.8013 234.4623 233.8646 233.1301 235.5392 228.2245 181.6847 132.0643 122.9432 126.3359 135 142.7119 149.1843 159.8637 169.2157 172.875 171.6213 168.0239 163.3391 161.8008 162.2287 164.0064 164.8091 167.9322 188.6156 216.9509
-9999 260.7539 258.2317 236.7683 217.5041 207.1497 206.3421 202.6199 195.4077 182.0601 171.8699 167.4326 165.8721 166.7595 173.5653 180 184.1446 191.149 197.9279 203.0968 208.4019 214.2869 216.7241 214.5923 210.1916 203.5523 194.3493 186.7098 181.6366 177.6141 175.3013 175.3013 179.6102 188.0224 201.3998 214.8245 222.5529 227.0096 230.0131 232.125 233.2072 234.5543 237.583 237.583 234.9406 233.8418 225 180 131.4237 119.8904 120.0333 125.9335 133.6831 141.0441 152.5924 165.63 172.7631 170.9807 165.6507 160.8045 158.4121 159.5816 163.1416 162.5973 168.851 199.2693 225.5617
240.5725 230.9645 220.0729 193.0919 182.406 183.2809 188.5609 194.5966 193.6548 181.8241 170.8629 167.25 167.5604 168.6901 172.8228 178.3397 184.9697 193.627 200.6063 206.565 212.6609 217.875 219.1844 215.6279 206.9395 197.354 190.008 184.3987 180.3898 176.9059 175.3645 176.0818 181.2364 190.9679 206.9395 221.9335 228.8785 232.0626 233.2759 234.6282 236.0035 236.3099 238.7816 239.6419 236.3099 233.1301 223.5121 182.2312 131.1345 116.7481 115.4976 119.1406 125.647 133.727 145.5816 161.565 172.875 170.7539 163.94 159.7751 158.3556 159.4986 159.7751 156.584 170.1887 211.1088 231.399
219.2176 210.5102 193.5432 179.6304 173.8114 176.0091 185.5485 198.236 200.5175 188.455 173.7516 167.0674 167.25 169.6584 172.4606 177.4739 188.2525 198.1527 202.3801 207.3239 214.0278 219.4007 220.5588 215.2564 202.6519 190.2348 183.8607 181.302 180.6438 178.3445 175.6525 177.022 186.6487 200.2249 215.4333 230.0921 237.2005 239.0362 237.7071 237.7575 239.4067 239.0362 239.9667 240.5241 237.2883 231.8924 219.8718 186.0441 138.2705 117.1399 113.0913 115.7693 119.5778 124.3035 133.0021 151.049 167.0822 166.9384 162.867 161.0418 162.1213 162.1351 157.8905 154.6538 176.6335 223.7939 234.5491
202.8548 195.2551 184.8793 177.022 174.5597 178.1283 190.008 205.6557 205.6837 190.9925 174.8056 167.7685 167.9052 169.804 171.6456 178.0251 192.2648 201.0979 201.4768 206.9395 215.5377 220.643 220.5154 211.2509 195.0378 182.6196 177.6559 178.4518 181.5154 181.259 177.6282 177.8253 194.5889 215.6279 228.0775 238.8912 244.44 243.435 241.1013 242.0205 243.1038 241.6992 240.0049 238.9078 235.8855 228.1108 214.9507 189.8658 148.1906 120.6507 113.9625 114.5901 115.1775 116.565 121.139 135.8185 152.5256 159.4919 163.2288 165.2173 165.8668 162.7839 157.9321 159.8516 192.308 230.3009 233.2072
194.9586 186.1702 178.9708 175.8461 179.0179 186.6667 199.5108 209.7449 202.3801 186.7098 174.0939 168.6901 168.6901 168.1113 169.0889 179.0065 196.2739 204.0755 203.7495 211.2637 221.4604 225.5729 222.0185 206.565 187.5073 176.8202 172.2843 175.44 182.07 184.9392 181.8717 182.883 205.594 229.316 237.4074 241.5873 245.1196 243.9542 242.354 243.7886 244.9831 244.1336 240.7807 238.8972 236.2008 226.9306 213.6901 194.4898 156.6309 126.0983 116.1753 113.0782 111.5519 112.9489 116.1139 126.3045 140.6544 152.8019 163.5707 168.5461 167.2288 162.0216 157.0679 167.8285 205.1148 227.0826 226.5911
187.267 178.9708 175.2099 176.1432 184.1347 197.2415 210.2564 213.3106 198.7587 180.9878 170.9807 166.569 166.5348 164.1047 164.1481 181.0544 204.6769 209.5603 209.2914 218.991 228.6522 230.5872 223.0021 203.4774 180 168.8571 167.9574 174.4725 182.6196 186.7536 183.764 191.3099 219.1737 236.7251 240.3008 241.8584 245.1196 245.1707 243.9876 244.8407 245.6841 245.031 242.4639 241.46 239.1843 231.3402 217.9835 198.435 158.8602 128.991 117.4397 111.529 108.7186 110.6136 112.3287 117.741 129.4885 143.2072 158.5948 166.0652 165.0184 160.8664 154.359 173.5713 215.8033 224.5018 219.9869
182.5858 175.3258 174.8718 180 191.3099 207.8973 218.5956 216.5966 198.7886 175.4261 164.0546 161.2948 162.5528 160.8803 162.9795 188.3787 212.3474 210.564 212.5295 225 232.8917 231.4108 220.6568 198.435 171.7241 159.6916 163.5658 174.7323 182.4195 185.4038 185.8263 203.9625 229.7201 236.7064 240.4713 244.4115 247.0007 246.9032 244.9325 246.2796 247.4098 246.1613 245.556 244.4766 241.3139 236.1649 224.0122 201.2973 156.3179 123.6901 112.4428 107.4472 104.6973 107.5009 109.7989 111.0838 119.6591 133.7546 148.2405 158.9625 162.512 160.8803 154.8954 184.2538 224.4383 222.8184 217.1645
184.2679 176.6891 175.9144 184.1596 198.1131 213.8183 220.8724 215.7398 196.2202 171.7328 160.2328 158.1986 158.9625 160.3674 171.8699 197.9164 210.5476 210.5476 220.5588 233.6308 236.2059 227.5448 209.4385 186.953 167.3004 159.5277 164.6785 175.5392 180.8069 183.5517 194.444 220.7858 236.6185 239.2811 242.5256 244.9424 246.5159 247.4098 246.2505 247.751 249.6236 248.6631 246.9149 243.8532 241.4293 237.938 226.9749 206.1139 159.9048 115.4269 106.1134 105.4396 103.815 106.6992 109.8852 109.006 113.2901 125.7398 137.8341 151.5981 160.8664 160.641 159.8516 196.3895 223.9191 217.5931 214.0114
189.1888 181.3532 176.3671 182.6425 197.1027 210.8277 217.3332 212.0926 191.3099 168.6901 158.9625 155.556 154.9106 161.1818 183.6678 209.4454 217.4053 224.3179 238.134 243.9542 237.5288 218.5169 191.8215 174.8674 166.7428 165.6773 170.7539 177.5105 181.1088 187.6745 212.9492 238.0387 244.692 245.1196 245.1517 245.9373 247.6938 248.6907 248.6631 250.0169 251.3233 249.9812 246.6823 243.8532 242.3116 238.4652 228.8785 209.9816 175.0303 125.9605 109.179 107.4748 106.4404 107.1027 108.2171 107.8601 109.7989 115.8444 123.4763 137.4366 152.1985 153.9876 163.4212 204.2278 222.8789 215.0594 211.6608
189.4623 181.4321 176.8005 182.9357 196.805 210.4833 216.5184 208.6731 186.8091 166.6447 157.0942 150.7512 149.0362 162.8973 197.9164 224.4327 234.2461 242.7447 248.9625 246.1247 232.2061 205.2532 177.4739 164.3842 163.3612 168.1785 174.1176 178.9325 185.2624 203.6542 235.1455 248.5654 248.9021 248.7908 248.2677 248.5747 250.1278 251.1049 251.565 252.3499 252.5528 251.0418 249.7751 248.7495 245.2976 240.0378 230.0131 204.5901 175.1009 149.0362 128.5812 121.2777 115.7693 109.9831 105.0184 102.3194 103.4957 106.4769 109.1955 117.8973 133.4725 140.0796 161.2587 209.7449 222.8591 214.2711 210.3791
186.6667 180 179.2748 187.4652 201.2092 213.589 215.7761 203.9625 183.4109 167.2757 157.765 150.4786 150.293 169.3078 210.1065 233.6308 240.9454 243.2251 242.8189 236.5601 220.0608 192.5288 168.1579 156.4854 157.3194 165.5792 173.0657 179.6206 195.3269 225 245.556 249.8874 249.444 250.7873 250.821 250.4417 251.1616 251.9958 253.0725 253.94 253.6105 252.3499 251.2742 249.6236 247.0872 243.435 230.5993 189.1624 163.1237 155.3231 144.2726 136.7534 129.4725 118.8108 106.0976 98.61565 98.1301 99.01321 99.53013 106.0736 119.1481 128.2544 154.8552 209.859 220.7242 212.2213 207.6811
183.1364 178.1283 182.2312 193.2849 207.1039 214.992 211.9666 198.8861 181.4144 167.1063 157.4516 150.1858 155.4099 181.8717 218.601 238.2665 242.5009 237.5288 230.7743 222.5372 206.1616 185.0291 165.9638 155.8286 155.082 161.0535 170.0835 185.5826 216.4041 240.7924 247.433 248.3978 249.5377 251.822 253.3391 253.0092 253.0179 253.6105 254.4156 255.2564 254.7449 253.4212 252.1351 250.5885 248.7204 245.6589 228.8141 165.7355 146.9293 148.5704 146.0826 143.5308 140.7106 133.7939 118.2442 105.1909 100.1378 97.32641 97.22432 103.3553 113.0913 121.5043 147.2953 204.0573 216.0546 209.1288 203.6071
181.0947 177.7974 184.5739 201.4346 217.5191 219.9759 210.4889 195.1011 179.1815 164.7449 152.3241 143.5752 152.9562 194.1391 226.4815 238.9348 239.7887 230.8263 220.5029 210.9638 196.6208 182.8024 168.3778 158.5654 155.556 157.4098 171.8699 207.2553 242.1985 251.0418 249.9548 250.4841 251.8058 253.8355 256.0594 256.1593 255.5406 255.5792 255.6186 255.9638 256.1714 255.1243 252.9971 251.565 250.1148 247.9638 229.3987 142.3058 126.7537 132.9048 138.6522 141.9272 146.113 149.5536 140.1428 121.8836 111.656 106.5788 103.3925 105.3169 111.3998 117.6759 139.548 195.4222 211.2184 207.5528 202.0872
180.339 180 189.7066 211.8836 228.2705 227.0214 212.1957 192.8043 174.0531 158.2946 143.8807 136.9921 151.1134 204.1142 232.9893 239.3399 236.1429 225 212.0054 203.6542 193.1906 181.7357 169.6952 159.201 153.9542 156.3929 186.2258 236.0409 253.94 254.8989 252.8381 253.0725 254.0546 256.2469 258.3885 257.8763 256.3287 256.5782 256.9544 256.6447 256.6864 256.0717 253.3457 251.565 250.4976 250.7693 244.44 109.359 100.6197 109.3845 119.5778 127.2597 137.1409 149.0362 150.2551 137.7006 127.875 122.3474 114.2613 109.4766 111.5571 115.6881 132.0185 186.8013 209.2914 207.7766 201.656
179.0608 182.1906 197.1759 221.2483 232.787 224.3772 207.0506 189.6599 170.0594 154.0692 143.1301 140.4403 158.9625 208.3612 235.0911 240.4077 234.6121 220.3645 204.121 197.468 191.3099 180 170.9097 162.0127 155.1795 166.5348 216.142 249.7343 255.0942 254.3578 254.2914 256.2184 257.6192 258.5413 260.1664 260.3313 258.3664 257.9279 258.1785 258.0707 258.0239 257.2756 255.0049 253.4429 251.565 253.8108 264.9576 50.19443 78.29356 85.94645 92.1858 98.59122 108.435 125.4258 140.5872 141.9919 138.6745 133.9191 125.112 115.6881 112.6199 113.2824 124.3461 175.1009 206.7542 207.4744 200.2657
178.5679 188.5691 214.242 234.5404 234.6197 217.875 199.8671 184.3987 168.9965 156.541 147.2648 146.551 168.5412 213.4763 233.8129 237.3005 231.2345 213.3664 196.7712 190.9111 186.8182 178.5312 171.7901 165.6997 162.6995 192.3808 242.2815 254.0546 254.0546 254.5214 257.3302 261.0644 261.486 260.5992 262.2843 263.3865 262.3758 261.3843 260.6952 259.9025 259.6952 259.5742 257.4712 254.8355 252.9371 255.6997 264.6991 354.2894 70.66519 73.33913 75.09424 76.78091 80.98679 94.20536 114.6559 130.4712 137.8064 136.6366 131.8493 121.7873 113.9625 111.3179 116.7321 156.656 200.0561 206.395 201.0979
178.7811 194.9058 222.0391 234.0193 226.9252 208.0948 191.0138 178.9584 166.7236 156.9487 150.0955 152.2415 178.6678 216.4248 228.6266 228.4566 218.7516 201.1317 190.2754 184.7374 181.7534 176.6981 171.4164 169.8245 183.8713 238.861 259.1597 257.5604 255.8668 256.9448 259.992 263.2695 263.8114 265.2666 267.4792 267.117 266.7948 266.7191 264.7462 261.8699 261.0274 261.4913 258.4763 254.3578 253.2497 253.5514 254.3961 245.556 78.92979 73.10627 71.81095 72.49284 74.19749 80.75389 90.70732 102.3005 115.3014 123.4533 127.5191 122.9432 114.5582 110.9892 111.5226 132.6141 189.5543 207.8544 201.8014
179.3415 198.0042 226.6847 231.4831 214.1699 196.3895 183.8937 176.8361 167.5646 156.5799 148.6713 153.5661 187.7157 220.2364 224.2152 218.6598 207.3655 194.9816 188.0544 183.3338 180 175.6458 173.5239 187.4314 235.1755 262.3493 263.2902 259.0321 257.5604 258.2317 261.4308 265.4951 267.6281 269.6528 270.3604 269.5818 269.5489 269.2462 266.5107 262.875 262.4605 263.3675 260.7274 255.8157 253.6105 250.887 248.1063 234.4623 103.2986 81.8699 77.24998 77.51192 78.41658 78.5697 76.1951 72.28421 76.26373 88.7636 100.9541 107.8787 107.9691 107.5433 108.9246 119.5537 168.4078 200.556 194.9816
189.9165 227.5169 248.9123 232.6668 199.8852 187.0458 180.5846 177.3842 171.091 157.7241 144.8277 151.9492 195.7086 223.1374 222.4362 212.8763 201.9564 193.0739 187.1885 184.0496 181.8142 180.5729 189.0903 230.3767 261.4308 266.2954 262.7631 259.9393 258.354 258.3885 260.9524 263.9559 265.3999 266.9872 267.8253 266.5834 265.0497 264.1736 261.8699 260.0835 261.5289 262.606 260.5377 256.293 253.0245 247.249 239.5889 225 157.3801 100.3591 87.74542 84.59621 83.09967 78.9511 71.56505 64.58399 65.61363 70.52342 75.87209 86.0275 94.0078 98.23097 103.6713 115.1278 147.2648 182.2906 189.7824
220.9623 251.0754 247.9727 212.4712 184.8304 179.3179 178.4176 179.0504 176.5936 163.0092 143.5046 149.6209 199.0256 224.5061 222.5737 210.7189 198.0042 189.9721 185.509 184.8344 187.9575 197.7158 226.3169 256.95 265.8653 266.1859 265.3141 265.8151 265.4622 264.0118 264.0459 265.3999 266.4438 267.3974 267.8253 266.0091 262.5284 259.3302 257.062 256.4296 256.7151 255.0414 250.8664 247.6938 244.8321 235.9807 224.2043 212.062 183.2155 135.9392 106.1573 94.14462 88.45184 83.15723 78.54124 77.60033 78.24707 76.85513 76.29304 80.03165 85.34665 90.33506 96.18861 107.6844 129.6855 166.0875 192.7834
232.0578 236.9621 217.614 190.271 177.5105 174.8674 177.3057 180.6821 182.5208 173.0272 147.5933 147.9946 204.444 227.268 221.257 206.7424 192.5288 186.5819 186.9885 194.2373 214.9507 242.9494 259.5742 263.5854 264.0257 265.4752 269.5489 273.1548 275.4403 275.343 273.5323 272.6026 272.8784 272.9108 271.8476 270 267.5104 264.1554 260.7355 257.3004 254.5388 251.0296 245.9849 241.4404 235.561 224.0906 209.9622 199.3845 185.6176 165.7189 135.7742 107.8189 93.0587 86.68222 85.66174 87.67847 90.7639 91.7788 90 87.97864 88.43493 90 91.90915 98.1301 111.9606 144.7524 193.6097
235.0691 225.5162 202.3407 184.0856 176.7108 174.9869 178.9456 182.9737 185.3322 180.3951 159.3937 157.7965 203.3556 218.8627 210.9638 199.5807 191.4588 192.3391 205.0836 232.3524 257.8286 266.0548 266.4237 265.4951 264.7462 267.3805 274.4608 279.4623 281.3099 281.7848 279.4623 275.9743 274.4474 274.2484 273.4566 272.3662 271.5482 269.029 264.2454 259.3543 255.7627 251.0033 244.359 235.4599 222.1376 206.0033 192.5288 185.9645 181.5074 177.3458 166.5222 136.6603 104.3003 90.89517 88.83086 91.09469 96.26349 101.8368 104.9536 104.6764 103.0851 102.5288 100.6965 99.10262 103.7531 125.2724 179.3704
234.2836 217.4879 192.4825 177.4792 175.156 177.7352 182.4002 185.3893 186.3402 183.9182 170.8927 170.2867 197.4472 209.9084 208.4742 205.7407 209.268 229.844 261.8699 279.2726 280.3048 275.5599 273.5763 273.8607 273.9452 276.7098 282.2953 286.3429 286.06 285.1859 282.938 279.0085 276.4108 275.3145 274.7636 273.8785 271.606 267.9174 264.1933 259.7778 252.9971 244.4766 235.0493 221.0275 204.5377 189.2933 180 177.6785 177.5105 180.3472 183.0529 172.7468 135 103.2986 94.33826 93.48933 95.71059 99.7188 104.1986 105.9896 105.7808 106.2849 105.8141 102.4582 102.1715 114.7435 156.8014
229.2758 205.9534 180 169.2319 172.5963 180.9821 185.1326 186.6487 188.6371 186.009 179.1931 185.0131 209.6667 231.4416 246.8014 264.5226 281.8887 290.2249 294.2059 297.204 297.646 296.7749 294.3159 292.1001 291.1706 290.1648 290.596 291.5713 290.2249 289.179 286.6992 282.8356 280.1591 278.2267 276.9728 275.5599 272.2906 267.7543 263.7742 258.0848 248.587 237.45 223.5498 206.7915 192.9946 180.8814 174.2894 173.0657 174.8056 180.7345 190.1378 193.1906 170.2176 120.7627 101.8024 95.00064 91.56507 90.6095 90.67403 90.33118 90.30971 91.88819 94.89909 97.54942 99.92625 106.9908 133.5498
220.8777 192.3997 171.3844 166.8142 173.211 184.7334 188.0224 188.2407 191.464 190.4915 195.4397 228.0665 266.3785 286.1134 294.8874 301.8908 305.6553 304.9194 303.6901 305.7274 310.4712 311.9059 308.8999 305.9421 302.1593 298.5864 296.5651 294.3045 291.9487 290.7461 288.178 285.0685 283.1449 281.1695 279.4623 277.9801 275.5275 270.6161 263.019 252.6811 238.8286 224.2043 208.8557 194.9314 185.4206 178.0251 173.3131 170.9868 172.733 180 192.8852 204.0013 195.0685 141.5463 109.3348 97.12502 89.32597 84.35175 81.58532 80.64702 81.8699 84.96621 90 96.12693 100.2441 102.6804 116.3784
208.9184 182.0214 168.3312 170.5908 179.2462 190.6457 195.1729 197.7447 207.4287 227.2906 266.9872 287.0205 293.6002 297.6067 301.7595 305.3112 306.0604 306.7872 307.3332 308.3792 312.5319 313.6678 311.7295 309.8827 304.4608 299.9136 298.4127 296.1881 293.5146 291.9606 289.4626 287.1027 285.1331 282.0678 278.7812 276.2156 273.9005 270 259.249 240.2551 219.4725 205.3462 195.1729 186.8091 181.6135 177.9975 173.9275 169.3078 169.5625 178.2212 194.7083 209.9137 208.6442 167.6192 118.8355 102.1886 92.32153 85.23636 82.91672 83.95591 85.87241 87.46146 90 93.85348 97.94347 100.516 106.6658
198.2171 176.4033 169.2005 177.7688 192.7243 210.3791 227.1211 252.1497 281.6336 296.834 299.9816 300.3236 299.5779 299.9536 303.5663 306.7808 307.4437 307.8065 307.2348 307.3423 310.5328 312.4923 312.417 310.8151 306.0274 300.689 298.3008 297.6811 296.0124 295.796 293.6071 290.2249 287.0205 282.9946 278.1301 274.7636 271.3972 260.2724 236.3099 212.2425 196.5873 190.008 185.3431 181.8717 180.3604 178.9191 174.9364 168.6901 167.8812 178.2212 198.435 215.6145 217.614 190.1455 136.7357 113.7136 102.8628 95.52754 94.6001 97.95078 99.2726 96.91122 91.97494 87.94411 86.44382 89.67992 95.99253
190.9111 177.9048 178.2643 196.8763 235.9228 267.4552 288.8384 300.9637 306.3629 307.0565 303.9436 302.6805 302.0926 303.1402 306.7029 307.9477 307.0304 306.3359 306.1042 306.6849 309.2486 311.5318 311.6051 309.2374 306.9509 304.5308 301.3903 300.4034 299.9951 301.5043 300.0686 294.8804 288.9582 284.1534 278.6157 270.6585 255.7627 223.698 195.3763 185.56 180.8185 179.6485 179.0504 180 180.929 180 175.7994 169.3211 169.3396 182.9357 204.3818 219.7625 221.1215 199.3348 156.656 129.9994 116.7675 109.3407 107.2815 107.8876 108.2603 108.435 104.6209 97.48739 88.2643 85.50954 90
195.1729 197.2415 229.1849 277.4314 292.6594 297.943 304.2157 306.7733 306.4041 307.0565 306.5014 304.7488 303.4763 304.5484 306.8699 307.2079 304.958 302.7577 303.4194 304.2542 306.0274 308.5505 308.9041 307.3667 307.0425 307.2881 306.0851 305.8033 306.2147 306.7241 304.3461 297.1598 288.1302 281.3099 270 245.2826 208.6105 184.3987 175.7946 174.9994 174.5138 174.5881 177.3575 182.1438 183.9452 181.0292 174.9279 169.2005 172.25 191.6015 213.0558 222.4438 219.144 199.6803 170.9807 148.2405 130.8296 118.5296 112.249 108.2519 106.3269 109.1556 113.5104 115.821 113.2946 103.2231 97.29206
