defaults/ash_elev.asc
ncols         382
nrows         266
xllcorner     157819.328125
yllcorner     384678.625
cellsize      30
NODATA_value  -9999
[rows 228 to 265 of 266, columns 261 to 347 of 382]
750 750 750 750 750 750 750 750 750 750 750 750 750 750 750 750 750 750 750 750 750 751 753 754 753 753 753 754 754 754 754 754 755 755 755 755 755 755 756 757 757 758 759 760 761 761 761 761 763 764 764 766 766 766 767 766 765 765 765 765 764 764 764 764 763 763 763 763 763 763 763 763 763 763 763 763 763 763 762 763 762 762 762 762 761 761 761
750 750 750 750 750 750 750 750 750 750 750 750 750 750 750 750 750 750 750 750 750 750 750 750 750 750 752 753 753 753 754 754 754 754 754 755 755 755 756 756 756 756 758 758 759 759 758 759 760 761 761 763 763 763 764 765 764 763 764 764 763 763 763 763 763 762 762 762 762 762 762 762 762 762 762 762 762 762 762 762 762 762 762 761 761 761 760
750 750 750 750 750 750 750 750 750 750 750 750 750 750 750 750 750 750 750 750 750 750 750 750 750 750 751 752 752 753 753 753 754 754 754 754 754 755 755 755 755 756 756 757 757 757 757 756 757 758 758 760 760 760 761 762 762 762 762 762 762 762 762 762 762 762 762 762 761 762 761 761 761 762 762 762 762 762 762 762 762 761 761 760 760 760 759
750 750 750 750 750 750 750 750 750 750 750 750 750 750 750 750 750 750 750 750 750 750 750 750 750 750 750 751 752 752 752 753 753 753 753 754 754 754 754 755 755 755 755 755 755 755 755 755 756 756 756 757 757 758 759 760 760 760 761 761 762 762 762 762 762 761 761 761 761 761 761 760 760 762 762 761 761 761 761 761 761 761 760 760 760 759 759
750 750 750 750 750 750 750 750 750 750 750 750 750 750 750 750 750 750 750 750 750 750 750 750 750 750 750 751 751 752 752 752 752 753 753 753 753 754 754 754 754 754 754 754 754 754 754 754 755 755 755 755 756 756 757 758 758 759 760 760 761 761 761 761 761 761 760 760 760 760 760 760 760 761 761 761 761 761 760 761 761 760 760 760 759 759 758
750 750 750 750 750 750 750 750 750 750 750 750 750 750 750 750 750 750 750 750 750 750 750 750 750 750 750 750 751 751 752 752 752 752 752 752 753 753 753 754 754 754 754 753 753 753 753 753 754 754 754 755 755 755 756 757 756 757 758 759 760 760 760 760 760 760 760 759 759 760 759 759 760 761 760 760 760 760 760 760 760 760 760 759 759 758 757
750 750 750 750 750 750 750 750 750 750 750 750 750 750 750 750 750 750 750 750 750 750 750 750 750 750 750 750 750 751 751 751 752 752 752 752 752 753 753 753 753 753 753 753 752 752 752 752 753 753 754 754 754 755 756 756 755 756 757 758 759 759 760 760 759 759 759 759 758 759 759 758 759 760 760 760 760 760 759 760 760 760 760 759 758 757 756
750 750 750 750 750 750 750 750 750 750 750 750 750 750 750 750 750 750 750 750 750 750 750 750 750 750 750 750 750 751 751 751 751 751 751 752 752 752 752 752 752 752 752 752 752 752 752 752 752 752 753 753 753 754 754 755 755 755 756 757 758 758 759 759 758 758 758 758 758 758 758 758 759 759 759 759 759 759 759 759 759 759 758 757 756 755 754
750 750 750 750 750 750 750 750 750 750 750 750 750 750 750 750 750 750 750 750 750 750 750 750 750 750 750 750 750 751 750 750 750 751 751 751 751 752 752 752 752 751 751 751 751 751 751 751 752 752 752 752 753 753 754 754 755 755 756 756 757 758 758 758 758 757 757 757 758 757 757 757 758 759 759 759 759 758 758 759 758 757 756 753 750 749 748
750 750 750 750 750 750 750 750 750 750 750 750 750 749 749 750 750 750 750 750 750 750 750 750 750 750 750 750 750 750 750 750 750 750 750 751 751 752 752 751 751 751 751 750 750 750 750 750 751 751 751 751 752 753 754 755 755 755 756 757 757 757 757 757 757 757 757 757 757 757 757 756 758 758 758 758 757 756 756 755 752 749 747 745 743 742 742
750 750 750 750 750 750 750 750 750 750 750 750 749 749 749 749 750 750 750 750 750 750 749 749 749 749 749 750 749 749 748 749 750 750 750 751 751 751 751 750 750 750 750 749 749 749 749 750 750 750 750 751 752 754 755 755 756 756 756 757 757 757 756 756 756 755 755 755 756 752 750 747 753 753 751 751 749 745 743 743 742 741 740 739 739 738 738
750 750 750 750 750 750 750 750 750 750 750 750 749 749 749 749 749 749 750 750 750 749 749 749 749 749 749 749 748 745 745 747 750 750 750 751 751 751 750 750 749 749 749 749 748 748 748 749 749 749 749 750 752 755 756 756 755 755 756 756 756 754 750 749 749 747 744 742 741 741 740 739 744 742 739 738 738 738 737 737 736 737 737 736 736 735 734
750 750 750 750 750 750 750 750 750 750 750 749 749 749 749 749 749 749 750 750 750 749 749 749 749 749 748 747 745 743 743 745 750 750 751 751 750 750 750 749 749 748 748 748 747 747 747 747 747 747 748 749 751 753 755 756 755 754 752 750 749 746 742 739 737 735 735 734 735 735 734 734 734 733 732 732 731 731 731 732 732 733 733 733 732 732 731
750 750 750 750 750 750 750 750 750 750 750 749 749 749 749 749 749 749 750 750 750 750 750 749 749 749 748 747 746 745 745 747 750 750 751 751 750 750 749 748 748 747 747 747 746 746 746 746 746 746 746 747 748 750 752 751 750 745 743 742 740 738 -9999 -9999 -9999 -9999 -9999 -9999 -9999 -9999 -9999 730 727 728 728 -9999 727 728 728 729 729 730 730 730 730 730 729
750 750 750 750 750 750 750 750 750 750 750 749 749 749 749 749 749 749 750 750 750 750 750 750 750 750 749 749 748 747 748 749 750 750 750 750 750 750 749 748 747 746 745 745 745 745 744 745 745 744 744 745 745 745 744 741 -9999 -9999 -9999 -9999 -9999 -9999 -9999 -9999 -9999 -9999 -9999 -9999 -9999 -9999 -9999 -9999 -9999 -9999 -9999 -9999 -9999 -9999 726 727 727 728 728 728 728 728 727
750 750 750 750 750 750 750 750 750 750 750 749 749 749 749 749 749 749 750 750 750 750 750 750 750 750 750 749 749 749 749 749 750 750 750 750 750 750 749 747 746 745 744 744 744 744 744 744 744 743 741 740 739 -9999 -9999 -9999 -9999 -9999 -9999 -9999 -9999 -9999 -9999 -9999 -9999 -9999 -9999 -9999 -9999 -9999 -9999 -9999 -9999 -9999 -9999 -9999 -9999 -9999 -9999 -9999 -9999 -9999 -9999 -9999 -9999 -9999 -9999
750 750 750 750 750 750 750 750 750 750 750 749 749 749 749 749 749 749 750 750 750 750 750 750 750 750 750 750 750 750 750 750 750 750 750 750 750 750 749 747 745 744 743 743 743 743 743 741 738 736 736 -9999 -9999 -9999 -9999 -9999 -9999 -9999 -9999 -9999 -9999 -9999 -9999 -9999 -9999 -9999 -9999 -9999 -9999 -9999 -9999 -9999 -9999 -9999 -9999 -9999 -9999 -9999 -9999 -9999 -9999 -9999 -9999 -9999 -9999 -9999 -9999
750 750 750 750 750 750 750 750 750 750 750 750 749 749 749 749 749 749 750 750 750 750 750 751 750 750 750 750 750 750 750 750 750 750 750 750 749 750 749 746 744 743 742 742 741 740 738 735 733 733 -9999 -9999 -9999 -9999 -9999 -9999 -9999 -9999 -9999 -9999 -9999 -9999 -9999 -9999 -9999 -9999 -9999 -9999 -9999 -9999 -9999 -9999 -9999 -9999 -9999 -9999 -9999 -9999 -9999 -9999 -9999 -9999 -9999 -9999 -9999 -9999 -9999
750 750 750 750 750 750 750 750 750 750 750 750 749 749 749 749 749 750 750 750 750 751 751 751 751 751 750 750 750 750 750 750 750 750 750 749 749 749 748 744 743 742 740 739 738 736 734 731 731 -9999 -9999 -9999 -9999 -9999 -9999 -9999 -9999 -9999 -9999 -9999 -9999 -9999 -9999 -9999 -9999 -9999 -9999 -9999 -9999 -9999 -9999 -9999 -9999 -9999 -9999 -9999 -9999 -9999 -9999 -9999 -9999 -9999 -9999 -9999 -9999 -9999 -9999
750 750 750 750 750 750 750 750 750 750 750 749 749 749 749 749 749 750 750 750 751 751 751 751 751 751 751 751 751 751 751 751 751 750 750 749 749 747 745 742 741 740 738 737 735 733 731 730 -9999 -9999 -9999 -9999 -9999 -9999 -9999 -9999 -9999 -9999 -9999 -9999 -9999 -9999 -9999 -9999 -9999 -9999 -9999 -9999 -9999 -9999 -9999 -9999 -9999 -9999 -9999 -9999 -9999 -9999 -9999 -9999 -9999 -9999 -9999 -9999 -9999 -9999 -9999
750 750 750 750 750 750 750 750 750 749 749 749 749 749 749 750 750 750 750 751 751 751 751 751 751 751 751 752 752 752 751 751 750 750 750 748 746 743 742 741 740 738 737 735 733 732 731 -9999 -9999 -9999 -9999 -9999 -9999 -9999 -9999 -9999 -9999 -9999 -9999 -9999 -9999 -9999 -9999 -9999 -9999 -9999 -9999 -9999 -9999 -9999 -9999 -9999 -9999 -9999 -9999 -9999 -9999 -9999 -9999 -9999 -9999 -9999 -9999 -9999 -9999 -9999 -9999
750 750 750 750 750 750 750 749 749 749 749 749 749 749 749 750 750 750 751 751 751 751 751 751 751 752 752 752 753 752 751 751 749 748 746 744 742 742 741 740 738 736 735 733 731 731 -9999 -9999 -9999 -9999 -9999 -9999 -9999 -9999 -9999 -9999 -9999 -9999 -9999 -9999 -9999 -9999 -9999 -9999 -9999 -9999 -9999 -9999 -9999 -9999 -9999 -9999 -9999 -9999 -9999 -9999 -9999 -9999 -9999 -9999 -9999 -9999 -9999 -9999 -9999 -9999 -9999
750 750 750 750 750 750 750 749 749 749 749 749 749 749 749 750 750 750 750 751 751 751 751 751 751 752 752 752 752 752 751 750 747 745 743 742 741 740 739 738 737 735 734 732 731 -9999 -9999 -9999 -9999 -9999 -9999 -9999 -9999 -9999 -9999 -9999 -9999 -9999 -9999 -9999 -9999 -9999 -9999 -9999 -9999 -9999 -9999 -9999 -9999 -9999 -9999 -9999 -9999 -9999 -9999 -9999 -9999 -9999 -9999 -9999 -9999 -9999 -9999 -9999 -9999 -9999 -9999
750 750 750 750 750 750 750 749 749 749 749 749 749 749 749 749 750 750 750 751 751 751 751 751 751 751 752 751 751 750 749 746 744 742 741 741 740 739 738 736 735 734 732 732 -9999 -9999 -9999 -9999 -9999 -9999 -9999 -9999 -9999 -9999 -9999 -9999 -9999 -9999 -9999 -9999 -9999 -9999 -9999 -9999 -9999 -9999 -9999 -9999 -9999 -9999 -9999 -9999 -9999 -9999 -9999 -9999 -9999 -9999 -9999 -9999 -9999 -9999 -9999 -9999 -9999 -9999 -9999
750 750 750 750 750 750 750 749 749 749 749 748 748 748 748 749 749 750 750 750 751 751 751 751 751 751 751 750 749 747 745 743 742 741 740 740 738 737 736 735 734 732 732 731 -9999 -9999 -9999 -9999 -9999 -9999 -9999 -9999 -9999 -9999 -9999 -9999 -9999 -9999 -9999 -9999 -9999 -9999 -9999 -9999 -9999 -9999 -9999 -9999 -9999 -9999 -9999 -9999 -9999 -9999 -9999 -9999 -9999 -9999 -9999 -9999 -9999 -9999 -9999 -9999 -9999 -9999 -9999
750 750 750 750 750 750 750 749 749 749 748 748 748 747 747 748 749 749 750 750 751 751 751 750 750 750 750 748 745 743 742 742 741 740 739 738 737 736 735 734 733 732 731 -9999 -9999 -9999 -9999 -9999 -9999 -9999 -9999 -9999 -9999 -9999 -9999 -9999 -9999 -9999 -9999 -9999 -9999 -9999 -9999 -9999 -9999 -9999 -9999 -9999 -9999 -9999 -9999 -9999 -9999 -9999 -9999 -9999 -9999 -9999 -9999 -9999 -9999 -9999 -9999 -9999 -9999 -9999 -9999
750 750 750 750 750 750 750 749 749 749 748 748 747 747 746 747 748 749 750 750 750 750 750 750 749 748 745 744 742 741 741 740 740 739 738 737 736 735 734 733 732 731 -9999 -9999 -9999 -9999 -9999 -9999 -9999 -9999 -9999 -9999 -9999 -9999 -9999 -9999 -9999 -9999 -9999 -9999 -9999 -9999 -9999 -9999 -9999 -9999 -9999 -9999 -9999 -9999 -9999 -9999 -9999 -9999 -9999 -9999 -9999 -9999 -9999 -9999 -9999 -9999 -9999 -9999 -9999 -9999 -9999
750 750 750 750 750 750 750 749 749 749 748 747 746 746 745 746 747 748 749 749 749 749 749 748 745 743 742 742 741 740 740 739 738 738 737 736 735 734 733 732 732 730 -9999 -9999 -9999 -9999 -9999 -9999 -9999 -9999 -9999 -9999 -9999 -9999 -9999 -9999 -9999 -9999 -9999 -9999 -9999 -9999 -9999 -9999 -9999 -9999 -9999 -9999 -9999 -9999 -9999 -9999 -9999 -9999 -9999 -9999 -9999 -9999 -9999 -9999 -9999 -9999 -9999 -9999 -9999 -9999 -9999
750 749 749 749 749 750 749 749 749 749 748 746 745 744 744 745 746 748 749 748 747 746 744 743 742 742 741 741 740 739 738 738 737 736 736 735 734 734 733 732 731 -9999 -9999 -9999 -9999 -9999 -9999 -9999 -9999 -9999 -9999 -9999 -9999 -9999 -9999 -9999 -9999 -9999 -9999 -9999 -9999 -9999 -9999 -9999 -9999 -9999 -9999 -9999 -9999 -9999 -9999 -9999 -9999 -9999 -9999 -9999 -9999 -9999 -9999 -9999 -9999 -9999 -9999 -9999 -9999 -9999 -9999
749 749 749 749 748 749 748 747 747 747 747 745 744 744 744 744 747 746 745 745 743 742 742 741 740 740 740 739 739 738 737 737 736 735 734 734 734 733 731 730 730 -9999 -9999 -9999 -9999 -9999 -9999 -9999 -9999 -9999 -9999 -9999 -9999 -9999 -9999 -9999 -9999 -9999 -9999 -9999 -9999 -9999 -9999 -9999 -9999 -9999 -9999 -9999 -9999 -9999 -9999 -9999 -9999 -9999 -9999 -9999 -9999 -9999 -9999 -9999 -9999 -9999 -9999 -9999 -9999 -9999 -9999
748 748 748 749 748 747 746 745 745 744 745 744 744 743 743 743 743 743 742 742 741 741 740 740 739 739 739 738 738 737 736 735 735 734 733 732 732 731 730 -9999 -9999 -9999 -9999 -9999 -9999 -9999 -9999 -9999 -9999 -9999 -9999 -9999 -9999 -9999 -9999 -9999 -9999 -9999 -9999 -9999 -9999 -9999 -9999 -9999 -9999 -9999 -9999 -9999 -9999 -9999 -9999 -9999 -9999 -9999 -9999 -9999 -9999 -9999 -9999 -9999 -9999 -9999 -9999 -9999 -9999 -9999 -9999
746 746 746 745 744 744 744 743 743 743 743 743 743 743 742 742 742 741 741 740 740 739 739 738 738 737 737 737 736 736 735 734 734 733 732 731 730 730 730 -9999 -9999 -9999 -9999 -9999 -9999 -9999 -9999 -9999 -9999 -9999 -9999 -9999 -9999 -9999 -9999 -9999 -9999 -9999 -9999 -9999 -9999 -9999 -9999 -9999 -9999 -9999 -9999 -9999 -9999 -9999 -9999 -9999 -9999 -9999 -9999 -9999 -9999 -9999 -9999 -9999 -9999 -9999 -9999 -9999 -9999 -9999 -9999
742 742 742 742 742 742 742 741 741 741 741 741 741 741 740 740 740 739 739 738 738 738 737 737 736 736 736 736 735 735 734 733 733 732 730 730 730 -9999 -9999 -9999 -9999 -9999 -9999 -9999 -9999 -9999 -9999 -9999 -9999 -9999 -9999 -9999 -9999 -9999 -9999 -9999 -9999 -9999 -9999 -9999 -9999 -9999 -9999 -9999 -9999 -9999 -9999 -9999 -9999 -9999 -9999 -9999 -9999 -9999 -9999 -9999 -9999 -9999 -9999 -9999 -9999 -9999 -9999 -9999 -9999 -9999 -9999
740 740 740 740 739 740 739 739 739 739 739 739 739 739 738 738 738 737 737 737 736 736 736 735 735 735 735 734 734 734 733 732 731 730 730 730 -9999 -9999 -9999 -9999 -9999 -9999 -9999 -9999 -9999 -9999 -9999 -9999 -9999 -9999 -9999 -9999 -9999 -9999 -9999 -9999 -9999 -9999 -9999 -9999 -9999 -9999 -9999 -9999 -9999 -9999 -9999 -9999 -9999 -9999 -9999 -9999 -9999 -9999 -9999 -9999 -9999 -9999 -9999 -9999 -9999 -9999 -9999 -9999 -9999 -9999 -9999
737 737 737 737 738 738 737 737 737 737 737 737 737 737 736 736 736 736 735 735 735 735 734 734 734 734 734 733 733 732 731 730 730 730 -9999 -9999 -9999 -9999 -9999 -9999 -9999 -9999 -9999 -9999 -9999 -9999 -9999 -9999 -9999 -9999 -9999 -9999 -9999 -9999 -9999 -9999 -9999 -9999 -9999 -9999 -9999 -9999 -9999 -9999 -9999 -9999 -9999 -9999 -9999 -9999 -9999 -9999 -9999 -9999 -9999 -9999 -9999 -9999 -9999 -9999 -9999 -9999 -9999 -9999 -9999 -9999 -9999
735 735 735 735 736 736 735 735 735 735 735 735 735 735 734 734 734 734 734 733 733 733 733 733 733 733 732 731 731 730 730 -9999 -9999 -9999 -9999 -9999 -9999 -9999 -9999 -9999 -9999 -9999 -9999 -9999 -9999 -9999 -9999 -9999 -9999 -9999 -9999 -9999 -9999 -9999 -9999 -9999 -9999 -9999 -9999 -9999 -9999 -9999 -9999 -9999 -9999 -9999 -9999 -9999 -9999 -9999 -9999 -9999 -9999 -9999 -9999 -9999 -9999 -9999 -9999 -9999 -9999 -9999 -9999 -9999 -9999 -9999 -9999
732 733 733 733 734 734 733 733 733 733 733 733 733 733 732 733 732 732 732 732 731 731 731 731 731 731 730 730 730 -9999 -9999 -9999 -9999 -9999 -9999 -9999 -9999 -9999 -9999 -9999 -9999 -9999 -9999 -9999 -9999 -9999 -9999 -9999 -9999 -9999 -9999 -9999 -9999 -9999 -9999 -9999 -9999 -9999 -9999 -9999 -9999 -9999 -9999 -9999 -9999 -9999 -9999 -9999 -9999 -9999 -9999 -9999 -9999 -9999 -9999 -9999 -9999 -9999 -9999 -9999 -9999 -9999 -9999 -9999 -9999 -9999 -9999
-9999 730 730 731 732 732 731 731 731 731 731 731 731 731 730 731 731 731 730 730 -9999 -9999 -9999 730 730 730 730 -9999 -9999 -9999 -9999 -9999 -9999 -9999 -9999 -9999 -9999 -9999 -9999 -9999 -9999 -9999 -9999 -9999 -9999 -9999 -9999 -9999 -9999 -9999 -9999 -9999 -9999 -9999 -9999 -9999 -9999 -9999 -9999 -9999 -9999 -9999 -9999 -9999 -9999 -9999 -9999 -9999 -9999 -9999 -9999 -9999 -9999 -9999 -9999 -9999 -9999 -9999 -9999 -9999 -9999 -9999 -9999 -9999 -9999 -9999 -9999
