defaults/ash_elev.asc
ncols         382
nrows         266
xllcorner     157819.328125
yllcorner     384678.625
cellsize      30
NODATA_value  -9999
[rows 38 to 75 of 266, columns 174 to 260 of 382]
-9999 -9999 -9999 -9999 -9999 -9999 -9999 -9999 -9999 -9999 -9999 -9999 -9999 1408 1413 1414 1413 1413 1413 1417 1425 1437 1450 1462 1473 1483 1491 1493 1493 1491 1491 1494 1500 1511 1523 1531 1532 1527 1520 1513 1505 1497 1499 1508 1516 1524 1539 1558 1572 1582 1588 1587 1580 1572 1569 1569 1569 1570 1576 1592 1608 1627 1647 1666 1683 1700 1714 1733 1749 1765 1781 1792 1805 1815 1820 1821 1816 1806 1794 1780 1764 1750 1729 1704 1690 1678 1666
-9999 -9999 -9999 -9999 -9999 -9999 -9999 -9999 -9999 -9999 -9999 -9999 1397 1401 1400 1398 1397 1396 1396 1397 1402 1414 1430 1445 1456 1465 1473 1477 1479 1479 1478 1480 1488 1498 1509 1516 1515 1509 1501 1492 1481 1475 1483 1492 1501 1513 1530 1547 1562 1568 1569 1565 1557 1552 1550 1550 1550 1553 1567 1583 1600 1618 1637 1658 1676 1693 1708 1726 1744 1758 1772 1786 1798 1808 1814 1816 1814 1803 1790 1776 1759 1743 1719 1698 1682 1665 1649
-9999 -9999 -9999 -9999 -9999 -9999 -9999 -9999 -9999 -9999 -9999 1391 1390 1388 1386 1384 1383 1383 1382 1383 1388 1397 1411 1426 1437 1447 1454 1459 1462 1460 1458 1461 1469 1482 1494 1500 1498 1491 1483 1469 1457 1458 1469 1483 1494 1508 1524 1539 1548 1551 1545 1537 1532 1530 1529 1530 1532 1542 1561 1577 1592 1610 1628 1650 1670 1687 1703 1720 1738 1753 1766 1780 1791 1801 1807 1809 1807 1799 1785 1771 1755 1737 1712 1693 1675 1657 1641
-9999 -9999 -9999 -9999 -9999 -9999 -9999 -9999 -9999 -9999 1390 1383 1376 1372 1371 1370 1368 1366 1365 1365 1372 1382 1394 1407 1420 1429 1435 1438 1439 1438 1439 1443 1452 1466 1478 1482 1480 1474 1464 1451 1440 1442 1457 1475 1489 1503 1517 1529 1535 1534 1528 1520 1514 1511 1510 1510 1518 1536 1555 1571 1587 1604 1621 1642 1664 1682 1698 1715 1732 1748 1762 1774 1786 1795 1800 1798 1794 1786 1773 1762 1748 1731 1710 1690 1671 1653 1637
-9999 -9999 -9999 -9999 -9999 -9999 -9999 -9999 -9999 1391 1381 1368 1357 1352 1352 1351 1349 1348 1347 1348 1354 1366 1378 1391 1403 1412 1418 1421 1420 1420 1422 1428 1437 1448 1458 1462 1459 1452 1441 1426 1422 1428 1445 1466 1482 1494 1507 1517 1521 1519 1512 1504 1497 1493 1490 1494 1508 1528 1548 1565 1581 1598 1615 1634 1657 1677 1694 1710 1727 1743 1757 1769 1781 1790 1793 1786 1778 1769 1760 1750 1738 1726 1708 1687 1669 1652 1634
-9999 1360 1369 1373 1378 1384 1391 1403 1396 1384 1366 1348 1338 1334 1335 1334 1333 1331 1327 1331 1339 1351 1363 1376 1387 1395 1400 1402 1400 1399 1402 1412 1424 1433 1439 1441 1439 1431 1420 1404 1401 1414 1433 1457 1473 1483 1493 1500 1503 1502 1496 1489 1481 1474 1474 1486 1503 1519 1540 1559 1576 1594 1611 1628 1651 1672 1690 1706 1722 1738 1753 1765 1776 1786 1786 1776 1766 1756 1745 1733 1724 1715 1701 1683 1667 1650 1629
1346 1361 1374 1381 1387 1391 1395 1394 1387 1371 1349 1334 1324 1320 1318 1317 1316 1315 1311 1313 1326 1339 1351 1361 1371 1378 1380 1381 1381 1382 1387 1401 1414 1422 1426 1426 1423 1417 1404 1390 1388 1401 1420 1443 1461 1471 1478 1483 1484 1484 1478 1472 1463 1456 1465 1482 1499 1513 1533 1554 1571 1589 1608 1623 1645 1667 1686 1702 1719 1733 1748 1761 1772 1782 1782 1772 1758 1744 1730 1715 1704 1698 1689 1674 1660 1644 1624
1335 1347 1359 1369 1376 1378 1378 1376 1369 1358 1338 1322 1311 1302 1299 1297 1297 1295 1294 1298 1312 1327 1338 1346 1352 1357 1359 1359 1358 1360 1370 1388 1405 1413 1417 1417 1413 1404 1389 1374 1376 1389 1410 1429 1446 1456 1462 1468 1470 1468 1465 1456 1445 1444 1460 1478 1495 1509 1526 1548 1568 1586 1605 1619 1639 1663 1682 1698 1715 1729 1743 1757 1768 1780 1784 1773 1756 1741 1722 1705 1692 1682 1673 1661 1648 1634 1616
1318 1329 1340 1350 1357 1360 1359 1358 1356 1347 1331 1312 1297 1287 1282 1278 1275 1276 1278 1285 1297 1313 1325 1332 1336 1338 1336 1335 1334 1339 1355 1378 1391 1398 1403 1402 1397 1384 1368 1357 1360 1377 1399 1417 1431 1437 1442 1446 1449 1445 1441 1431 1422 1437 1455 1473 1490 1505 1522 1545 1564 1582 1603 1617 1634 1658 1679 1695 1712 1726 1739 1753 1764 1779 1790 1779 1759 1744 1724 1706 1687 1672 1657 1645 1634 1621 1606
1294 1306 1319 1330 1337 1338 1335 1333 1331 1326 1316 1301 1285 1273 1265 1258 1255 1255 1263 1273 1285 1297 1309 1317 1320 1321 1319 1318 1320 1331 1347 1364 1378 1383 1385 1381 1373 1361 1347 1336 1346 1363 1383 1405 1415 1419 1421 1421 1421 1418 1413 1406 1414 1433 1451 1467 1486 1502 1520 1542 1561 1581 1601 1616 1632 1655 1676 1692 1709 1724 1735 1749 1761 1776 1790 1785 1766 1750 1731 1713 1690 1668 1647 1634 1621 1607 1594
1268 1284 1299 1310 1317 1317 1314 1310 1308 1306 1298 1286 1270 1255 1244 1236 1233 1235 1245 1260 1273 1283 1290 1296 1300 1301 1301 1300 1298 1307 1333 1348 1358 1361 1361 1358 1349 1336 1319 1313 1325 1346 1363 1380 1389 1395 1397 1397 1396 1392 1388 1395 1414 1431 1448 1463 1482 1499 1518 1540 1560 1582 1600 1616 1632 1654 1673 1690 1707 1722 1731 1745 1757 1770 1784 1785 1771 1755 1736 1718 1696 1670 1650 1632 1615 1598 1585
1246 1261 1280 1293 1300 1300 1297 1292 1289 1286 1280 1267 1251 1237 1228 1221 1216 1220 1231 1246 1259 1267 1270 1273 1277 1278 1276 1273 1279 1298 1322 1330 1334 1335 1334 1332 1327 1315 1301 1299 1311 1327 1342 1353 1361 1366 1369 1372 1371 1370 1374 1394 1413 1429 1444 1460 1477 1497 1517 1540 1561 1582 1600 1616 1632 1653 1670 1688 1705 1721 1729 1741 1753 1765 1777 1782 1772 1758 1740 1720 1700 1678 1660 1644 1621 1600 1584
1226 1242 1260 1277 1284 1283 1277 1271 1269 1268 1263 1250 1233 1221 1214 1208 1203 1206 1217 1230 1242 1249 1250 1253 1257 1258 1256 1261 1278 1299 1310 1312 1312 1311 1311 1311 1308 1299 1285 1281 1295 1311 1323 1331 1336 1339 1340 1341 1344 1352 1370 1394 1412 1427 1442 1457 1473 1493 1514 1536 1558 1581 1598 1613 1629 1648 1666 1685 1703 1718 1727 1737 1748 1757 1765 1772 1768 1757 1740 1722 1703 1685 1667 1650 1630 1608 1587
1208 1223 1241 1259 1268 1266 1257 1251 1250 1250 1247 1234 1217 1204 1198 1194 1190 1191 1200 1212 1222 1227 1229 1237 1242 1239 1239 1250 1271 1289 1295 1294 1291 1289 1288 1289 1291 1286 1272 1270 1282 1297 1308 1313 1315 1316 1318 1323 1334 1349 1368 1392 1411 1426 1442 1458 1473 1492 1514 1537 1559 1581 1598 1612 1626 1643 1662 1679 1697 1711 1723 1731 1740 1747 1753 1757 1757 1751 1738 1721 1704 1687 1668 1650 1632 1611 1591
1189 1204 1223 1242 1253 1251 1243 1235 1233 1233 1228 1216 1200 1188 1181 1179 1175 1174 1179 1187 1195 1202 1210 1222 1224 1219 1225 1241 1257 1268 1271 1272 1270 1268 1269 1270 1273 1271 1261 1261 1271 1282 1291 1295 1296 1299 1305 1317 1334 1348 1365 1389 1409 1427 1444 1460 1477 1495 1516 1538 1561 1582 1598 1612 1626 1642 1658 1675 1692 1706 1717 1726 1732 1736 1738 1739 1739 1738 1732 1721 1706 1688 1669 1649 1628 1608 1589
1171 1186 1205 1224 1236 1234 1224 1215 1212 1212 1211 1199 1183 1171 1165 1166 1161 1156 1160 1165 1171 1180 1194 1208 1205 1202 1214 1232 1244 1251 1252 1250 1248 1248 1250 1252 1253 1254 1249 1250 1257 1264 1269 1275 1282 1292 1305 1319 1333 1347 1365 1387 1408 1430 1448 1464 1481 1499 1518 1540 1563 1583 1599 1613 1626 1640 1655 1671 1686 1699 1710 1716 1720 1720 1719 1718 1717 1719 1721 1716 1705 1688 1668 1646 1622 1600 1580
1156 1170 1186 1205 1218 1215 1206 1193 1191 1192 1189 1179 1165 1153 1148 1149 1147 1141 1141 1144 1151 1162 1180 1192 1185 1186 1203 1221 1232 1235 1231 1226 1225 1227 1229 1232 1236 1237 1235 1236 1242 1252 1262 1271 1282 1297 1311 1323 1336 1349 1369 1391 1413 1437 1454 1469 1487 1504 1522 1543 1565 1585 1600 1613 1625 1639 1653 1666 1678 1690 1698 1703 1705 1703 1701 1698 1697 1698 1704 1707 1701 1686 1667 1645 1620 1597 1577
1138 1151 1168 1184 1196 1195 1186 1176 1172 1169 1166 1159 1148 1138 1133 1133 1135 1128 1124 1125 1133 1148 1167 1170 1163 1172 1190 1208 1217 1216 1211 1204 1204 1207 1209 1212 1216 1216 1220 1232 1243 1255 1268 1279 1291 1305 1319 1333 1346 1362 1383 1403 1425 1445 1460 1476 1494 1509 1527 1548 1569 1587 1602 1614 1625 1637 1650 1661 1671 1679 1684 1687 1687 1685 1682 1679 1678 1680 1687 1695 1694 1681 1665 1645 1622 1599 1580
1121 1134 1150 1164 1175 1174 1167 1156 1151 1149 1145 1140 1132 1123 1117 1117 1120 1118 1107 1109 1118 1133 1147 1145 1145 1159 1178 1191 1198 1192 1186 1184 1186 1190 1193 1196 1201 1208 1223 1236 1249 1264 1276 1287 1302 1315 1331 1347 1361 1380 1399 1416 1438 1453 1467 1483 1500 1514 1533 1553 1573 1590 1604 1615 1626 1636 1646 1654 1660 1665 1668 1668 1668 1667 1665 1661 1658 1659 1668 1681 1685 1676 1663 1645 1626 1603 1584
1105 1117 1131 1144 1155 1154 1146 1139 1135 1132 1128 1123 1115 1106 1102 1101 1105 1107 1098 1098 1104 1117 1127 1127 1132 1147 1162 1172 1174 1168 1166 1167 1171 1177 1184 1192 1202 1216 1230 1242 1258 1272 1284 1298 1312 1327 1344 1360 1378 1397 1413 1430 1446 1460 1475 1491 1506 1520 1540 1559 1577 1591 1605 1615 1626 1634 1640 1644 1647 1649 1650 1651 1651 1650 1647 1641 1637 1639 1650 1664 1674 1670 1658 1643 1627 1605 1584
1088 1098 1110 1122 1133 1134 1127 1122 1118 1115 1111 1105 1098 1092 1088 1087 1089 1090 1088 1084 1089 1101 1110 1114 1120 1133 1144 1152 1152 1148 1147 1152 1165 1177 1188 1200 1212 1225 1238 1251 1267 1281 1295 1309 1324 1339 1356 1376 1396 1412 1427 1442 1454 1468 1484 1498 1514 1529 1548 1564 1581 1593 1606 1616 1624 1627 1630 1630 1630 1630 1629 1628 1628 1628 1625 1620 1617 1621 1632 1650 1661 1660 1651 1638 1623 1601 1577
1072 1079 1088 1100 1108 1109 1106 1104 1103 1100 1096 1091 1084 1078 1074 1073 1073 1074 1073 1073 1077 1086 1094 1102 1110 1119 1126 1129 1130 1135 1144 1155 1171 1185 1197 1209 1222 1233 1246 1261 1278 1292 1306 1319 1334 1351 1371 1393 1410 1424 1438 1451 1464 1478 1493 1508 1525 1541 1556 1570 1584 1595 1605 1612 1615 1614 1611 1609 1606 1603 1602 1605 1606 1606 1603 1598 1597 1606 1617 1632 1645 1646 1640 1630 1614 1591 1569
1057 1061 1069 1080 1086 1088 1088 1089 1089 1087 1082 1075 1069 1064 1061 1059 1059 1060 1062 1066 1070 1076 1083 1090 1099 1107 1113 1120 1129 1139 1150 1164 1181 1194 1206 1218 1231 1243 1257 1272 1288 1302 1316 1328 1344 1363 1385 1405 1421 1435 1448 1461 1475 1490 1505 1522 1538 1551 1562 1573 1586 1594 1599 1600 1597 1593 1589 1586 1582 1580 1582 1585 1587 1586 1581 1577 1578 1591 1605 1617 1625 1628 1625 1617 1602 1583 1562
1043 1046 1052 1061 1068 1070 1071 1073 1074 1071 1066 1059 1054 1051 1051 1050 1050 1053 1056 1060 1065 1070 1076 1083 1091 1101 1112 1123 1133 1144 1157 1173 1190 1203 1216 1229 1241 1254 1267 1283 1298 1312 1325 1339 1356 1377 1397 1415 1430 1444 1458 1471 1487 1502 1518 1534 1546 1554 1562 1572 1581 1586 1584 1581 1575 1570 1566 1561 1558 1559 1565 1568 1568 1565 1560 1558 1564 1579 1593 1604 1609 1611 1611 1606 1592 1575 1555
1032 1034 1039 1045 1050 1052 1054 1057 1058 1055 1050 1044 1041 1041 1043 1044 1045 1048 1052 1056 1061 1068 1076 1084 1092 1103 1115 1126 1137 1149 1164 1182 1198 1212 1226 1239 1251 1263 1277 1293 1308 1323 1338 1356 1375 1393 1410 1425 1440 1454 1468 1484 1498 1511 1524 1536 1544 1548 1553 1557 1557 1557 1555 1553 1549 1545 1540 1535 1536 1542 1546 1548 1546 1541 1536 1539 1551 1567 1583 1594 1600 1600 1600 1597 1585 1568 1548
1021 1023 1027 1032 1036 1037 1040 1042 1043 1040 1037 1034 1032 1034 1037 1039 1042 1045 1049 1053 1059 1069 1078 1086 1095 1106 1118 1131 1142 1156 1174 1191 1206 1221 1236 1249 1261 1274 1289 1303 1320 1335 1353 1374 1394 1409 1422 1436 1450 1465 1479 1491 1503 1513 1521 1527 1531 1533 1533 1532 1531 1529 1527 1525 1523 1519 1515 1513 1516 1524 1528 1528 1522 1514 1512 1522 1537 1555 1572 1584 1589 1592 1593 1590 1580 1565 1547
1011 1013 1015 1020 1024 1024 1026 1028 1029 1027 1025 1026 1027 1029 1033 1036 1039 1042 1045 1049 1057 1070 1080 1090 1100 1112 1125 1138 1150 1165 1183 1199 1214 1229 1244 1259 1271 1285 1300 1315 1331 1348 1367 1388 1406 1420 1432 1446 1460 1474 1485 1495 1503 1508 1511 1512 1512 1511 1509 1506 1504 1503 1504 1503 1501 1497 1493 1493 1499 1504 1506 1502 1491 1484 1491 1506 1524 1541 1559 1572 1578 1581 1585 1587 1582 1571 1558
1002 1004 1006 1009 1013 1012 1013 1015 1017 1016 1017 1019 1022 1026 1029 1032 1036 1039 1043 1048 1059 1073 1085 1097 1109 1123 1138 1151 1163 1175 1191 1206 1222 1235 1249 1264 1280 1295 1310 1327 1343 1360 1377 1397 1414 1428 1440 1454 1467 1478 1488 1493 1496 1496 1494 1494 1492 1490 1486 1482 1481 1482 1483 1483 1481 1475 1470 1474 1483 1489 1487 1473 1461 1464 1478 1496 1512 1528 1544 1558 1565 1568 1573 1582 1586 1582 1573
995 997 998 1000 1003 1003 1002 1005 1007 1009 1011 1015 1019 1022 1026 1029 1033 1036 1042 1052 1066 1080 1094 1108 1122 1139 1154 1168 1182 1190 1197 1209 1227 1238 1250 1264 1284 1303 1317 1333 1350 1367 1382 1402 1418 1433 1446 1460 1470 1478 1481 1482 1480 1477 1474 1473 1471 1467 1462 1459 1459 1460 1462 1461 1458 1452 1451 1458 1469 1474 1466 1450 1441 1454 1472 1488 1501 1513 1526 1540 1550 1555 1560 1572 1584 1585 1579
988 990 991 992 994 994 995 998 1000 1004 1007 1011 1015 1019 1023 1026 1030 1036 1046 1060 1074 1089 1106 1120 1137 1154 1172 1187 1199 1208 1214 1218 1230 1240 1251 1264 1284 1302 1317 1333 1350 1368 1385 1406 1422 1437 1451 1465 1468 1465 1465 1464 1461 1457 1454 1454 1453 1449 1443 1439 1439 1438 1435 1433 1433 1432 1435 1443 1449 1449 1443 1427 1426 1446 1466 1478 1488 1497 1509 1522 1533 1542 1549 1563 1577 1579 1572
980 983 984 985 986 988 991 994 997 1000 1004 1008 1012 1015 1020 1024 1030 1039 1052 1068 1084 1101 1117 1132 1150 1167 1188 1202 1215 1224 1230 1233 1238 1246 1257 1270 1286 1302 1316 1332 1351 1371 1391 1411 1427 1443 1457 1466 1461 1452 1449 1445 1442 1439 1436 1436 1434 1429 1423 1424 1426 1420 1410 1407 1409 1414 1421 1427 1429 1427 1421 1409 1410 1437 1456 1466 1472 1480 1493 1506 1519 1532 1541 1558 1570 1569 1558
974 976 978 980 982 985 988 992 995 997 1001 1005 1009 1012 1018 1025 1034 1045 1061 1078 1096 1113 1127 1141 1158 1175 1195 1213 1227 1237 1243 1249 1254 1261 1269 1282 1295 1308 1323 1339 1357 1379 1399 1418 1433 1449 1462 1463 1452 1443 1436 1430 1425 1422 1421 1419 1415 1410 1405 1406 1412 1405 1392 1388 1390 1396 1404 1410 1413 1410 1404 1391 1399 1423 1442 1450 1457 1468 1481 1495 1508 1524 1537 1553 1563 1558 1544
968 971 974 976 979 982 986 989 992 995 999 1002 1006 1012 1020 1029 1039 1053 1071 1090 1108 1123 1136 1150 1165 1180 1197 1217 1235 1248 1257 1265 1272 1278 1286 1297 1308 1319 1332 1348 1368 1390 1409 1425 1440 1456 1464 1457 1445 1435 1424 1414 1409 1405 1403 1400 1396 1391 1389 1391 1393 1388 1377 1370 1371 1376 1383 1391 1394 1390 1381 1370 1387 1410 1425 1435 1446 1459 1473 1489 1503 1518 1533 1547 1553 1545 1529
964 967 970 973 977 980 983 986 990 993 996 999 1005 1015 1025 1034 1046 1063 1083 1102 1119 1133 1146 1160 1176 1189 1203 1221 1241 1258 1271 1281 1288 1296 1305 1315 1323 1331 1344 1361 1381 1401 1418 1433 1448 1461 1462 1450 1438 1425 1410 1398 1392 1388 1385 1382 1379 1377 1375 1375 1374 1369 1360 1352 1351 1355 1362 1369 1371 1366 1356 1354 1373 1392 1408 1422 1436 1451 1467 1482 1499 1515 1529 1538 1537 1528 1512
960 963 967 970 974 977 980 984 987 991 995 999 1007 1020 1031 1042 1058 1078 1099 1117 1132 1145 1160 1178 1195 1208 1218 1232 1248 1266 1282 1294 1303 1314 1323 1331 1337 1346 1359 1377 1396 1412 1427 1442 1457 1463 1456 1443 1430 1414 1395 1381 1374 1370 1367 1365 1363 1361 1358 1354 1352 1350 1342 1333 1331 1337 1345 1351 1352 1344 1335 1342 1360 1377 1394 1410 1428 1445 1461 1477 1494 1509 1519 1522 1517 1504 1491
957 960 964 967 971 975 979 982 986 990 994 1000 1012 1027 1039 1053 1075 1096 1115 1132 1146 1163 1181 1199 1214 1225 1234 1244 1257 1273 1289 1304 1316 1328 1338 1347 1356 1366 1378 1395 1410 1424 1438 1452 1463 1461 1450 1435 1420 1403 1384 1368 1357 1350 1347 1347 1346 1340 1335 1331 1330 1331 1326 1318 1315 1319 1328 1333 1332 1324 1320 1333 1352 1369 1385 1401 1419 1439 1455 1471 1485 1498 1505 1502 1491 1478 1466
954 957 961 964 969 974 978 981 985 990 995 1003 1020 1036 1050 1069 1093 1113 1133 1149 1167 1184 1201 1216 1229 1239 1248 1258 1271 1283 1297 1313 1327 1341 1353 1365 1376 1387 1398 1411 1424 1436 1448 1460 1464 1456 1442 1426 1410 1392 1374 1359 1344 1333 1328 1328 1327 1323 1316 1309 1307 1310 1308 1301 1295 1300 1309 1314 1313 1303 1306 1326 1346 1363 1380 1395 1413 1432 1448 1461 1472 1480 1483 1477 1464 1454 1444
949 953 959 963 968 973 977 980 985 990 997 1009 1028 1046 1065 1084 1105 1127 1148 1168 1186 1204 1217 1229 1241 1252 1262 1273 1283 1295 1309 1322 1336 1353 1369 1384 1396 1405 1416 1427 1436 1448 1458 1465 1463 1450 1433 1414 1397 1380 1365 1351 1336 1320 1311 1308 1308 1306 1299 1292 1291 1294 1293 1284 1277 1281 1291 1296 1294 1284 1290 1316 1339 1358 1375 1390 1406 1424 1438 1447 1454 1459 1460 1455 1442 1432 1424
