defaults/ash_aspect.asc
ncols         382
nrows         266
xllcorner     157819.328125
yllcorner     384678.625
cellsize      30
NODATA_value  -9999
[rows 90 to 119 of 266, columns 268 to 334 of 382]
141.7796 143.2759 169.3302 268.3153 290.9735 295.7802 300.2803 303.7812 307.4674 310.4261 310.2755 305.0872 294.3701 278.7147 266.3194 260.0659 258.8351 267.1376 288.8119 307.2348 305.9421 293.9625 281.7934 273.3019 270 270 274.7201 279.2933 281.5467 283.2764 286.8763 290.4803 292.5206 296.0034 300.556 305.665 310.6013 313.5121 312.7974 314.3097 319.7079 317.5734 312.4552 312.9546 315.7073 316.3803 316.3972 316.4688 315 310.6568 304.9507 301.139 299.6785 299.0546 298.9092 298.0725 295.1148 292.4569 290.8545 297.9795 355.2364 57.09476 -9999 -9999 -9999 -9999 -9999
146.4066 154.5923 257.9052 289.8321 297.0438 297.5651 299.5923 303.7775 306.4913 308.7093 312.9904 315.5846 311.7845 300.8089 285.1859 272.2026 262.304 257.7352 260.5377 271.2189 284.0363 288.869 288.8531 284.4524 278.427 275.2901 276.2345 277.2532 275.7743 274.8645 278.2971 282.6002 283.3925 284.0363 286.5258 289.1556 292.8906 297.1497 296.2883 296.0753 302.125 305.2724 302.4712 302.6375 306.8699 311.3322 313.4306 312.4362 307.9835 303.0239 299.1676 295.292 292.7144 291.666 291.6444 291.9745 287.3005 278.8068 269.256 259.0459 180 63.43495 -9999 -9999 -9999 -9999 -9999
159.0442 226.9749 284.0363 291.0877 295.6881 298.1786 300.0686 303.6047 304.3236 302.9052 305.9097 313.768 317.9815 317.2026 311.3588 303.1664 293.6542 277.7218 263.3456 259.6952 264.4725 273.2892 281.5601 285.1541 284.9667 281.9442 275.4638 270.5457 269.3415 271.1691 273.8879 277.2061 278.6955 279.3602 279.1624 277.125 276.2035 279.1179 281.3099 279.4623 278.8418 280.7843 282.8043 285.1541 289.4703 295.7505 299.7449 299.3578 294.8293 288.8861 286.3895 286.0323 283.861 279.3236 276.5463 274.2364 265.6013 250.3462 237.4074 226.0809 202.0113 164.4759 -9999 -9999 -9999 -9999 -9999
234.4623 291.218 293.1986 292.5206 293.9932 296.4369 298.3792 300.8542 301.8491 298.7398 297.8973 303.6901 310.4261 315.5256 316.5208 315.5116 316.7899 311.1346 288.0478 268.3317 261.3843 261.7029 265.3331 270.5562 275.4923 276.4698 269.4213 262.5191 262.5686 266.6335 268.9391 271.273 272.663 271.8882 270 266.855 264.3517 265.3999 268.0251 266.855 264.2257 264.0939 265.6013 267.7543 270 272.6026 275.7928 276.5463 273.6914 270.7848 269.326 267.2737 262.5686 256.185 249.7751 242.5256 232.696 222.2073 218.2902 214.0772 205.2011 168.3106 135 -9999 -9999 -9999 -9999
309.2894 307.3667 300.6064 295.5845 293.5795 293.3496 293.5232 294.2118 297.1213 297.3499 295.796 297.6811 301.2284 306.7142 310.0063 311.5664 318.3665 326.3099 320.9061 290.8209 266.7108 257.9885 255.4258 256.0875 258.887 260.5377 258.1785 255.6773 256.2392 258.0558 259.2869 260.5377 262.0565 260.9605 259.6952 258.1785 255.9638 255.8157 257.4712 259.1861 259.6952 258.9436 257.4712 257.4123 256.8491 253.8866 250.6022 249.3411 249.8637 251.0754 248.5747 241.0736 232.0013 226.0416 220.8404 216.7241 212.8285 209.2193 209.8459 208.2016 205.0169 181.6847 164.0546 -9999 -9999 -9999 -9999
319.3987 315 307.0793 298.3008 291.6891 288.8182 288.2212 286.9598 287.5924 290.1795 291.721 292.775 293.6071 296.5651 299.1406 300.1137 305.1342 318.633 334.3845 328.1725 295.0169 270 255.9638 249.9285 249.8205 248.8865 245.4496 245.2657 245.556 246.1398 247.0511 246.3998 247.1095 248.4287 248.8753 249.5901 249.9628 249.3046 250.1148 252.6811 254.31 254.4072 253.1786 251.9165 248.587 242.4027 237.2251 234.4623 232.6668 232.9893 230.4403 225 218.9458 212.0054 207.3499 206.3127 206.822 206.565 206.2413 204.1932 203.9625 190.3758 166.185 -9999 -9999 -9999 -9999
324.0507 320.6595 312.9546 303.0092 292.8498 285.9454 282.2005 277.8831 275.9374 278.6428 282.8043 286.1645 288.4349 291.3369 294.2059 295.0836 297.0956 305.5377 326.0937 341.5651 331.1134 300.9637 271.7357 256.4296 250.0169 245.2249 238.1906 235.008 236.3099 236.9566 237.0508 237.6651 239.0362 239.4208 240.3956 241.9275 242.1027 242.6501 243.6767 244.8552 246.9487 248.8753 248.3177 246.3369 240.732 232.9072 228.2705 225 222.1844 223.1817 222.3575 219.8056 215.3948 207.9622 204.1455 203.7908 204.444 205.641 205.56 204.2278 203.9625 194.8265 165.2564 145.7843 -9999 -9999 -9999
327.0948 324.9777 318.7084 310.2364 300.1013 291.1941 284.0363 276.7662 272.7702 272.1858 274.0283 277.3647 280.6922 283.627 288.1131 291.6951 293.3556 296.5651 306.3475 328.3925 342.7585 332.4472 300.1735 270.9094 254.31 246.5226 237.5288 232.3524 236.1649 237.2361 236.8215 237.3954 237.0508 235.751 237.2005 238.6713 238.4652 239.6209 240.5241 241.631 243.2085 243.435 241.7826 239.8757 234.3236 226.6366 221.9059 218.8298 216.8699 218.3865 218.2902 216.5111 213.6901 208.0339 205.3462 205.6652 205.71 206.822 208.0092 208.6105 207.7585 202.1095 181.1233 155.7722 -9999 -9999 -9999
328.6577 327.2423 323.9454 318.5763 312.0643 307.4054 301.4521 292.8097 286.336 279.9042 274.8304 273.0128 274.2222 277.0735 282.0948 287.354 289.6121 292.3801 294.5901 305.789 332.2415 340.0169 326.9761 300.5297 270.8814 257.3998 245.0715 237.9946 242.9044 244.6041 243.435 242.1524 240.141 238.2011 238.3245 238.6713 238.8514 239.226 239.226 240.2551 240.1953 238.1575 235.5208 232.6507 227.6026 221.5318 217.6736 215.9097 214.5625 215.2934 214.2869 213.2317 212.7352 209.6667 208.1132 210.2032 211.5043 210.4258 212.3666 213.6901 211.6075 208.4956 197.1759 158.9625 124.3803 -9999 -9999
328.6429 327.1313 325.9228 323.7114 321.2907 323.2024 323.2128 315.6095 307.2348 297.1811 286.8214 280.271 279.5829 281.3099 283.921 287.387 289.6538 292.1094 290.7722 291.5713 302.7352 319.0856 331.1892 326.9761 303.4078 280.6197 259.8753 249.8637 254.0546 254.8459 251.9277 249.5074 248.0089 245.2976 242.7158 240.732 239.7827 239.0362 238.4652 239.2159 238.3602 234.9262 229.514 222.6467 217.9716 214.6242 212.9052 213.3885 213.1113 212.8557 210.7932 210.7932 211.8425 210.5792 209.0546 210.0686 211.2005 210.6997 213.6901 215.7067 214.439 213.3106 209.5388 187.3058 153.435 -9999 -9999
327.3553 326.6048 324.7667 323.6157 325.4599 330.8801 333.2726 329.436 323.3832 314.3905 305.2563 297.5252 293.1063 291.2092 290.5014 290.556 289.3232 287.8503 282.1714 276.009 275.1944 278.1301 288.4349 300.3791 298.8108 289.179 278.1301 271.0051 268.6028 264.9204 260.4333 257.2756 254.7449 251.565 248.6294 245.556 242.6501 239.6209 238.4652 238.8514 236.1649 231.4993 224.2559 215.0362 212.55 211.139 209.3578 209.5537 209.9315 210.2917 208.9601 209.9816 211.4521 210.1137 208.2288 209.6044 212.0054 213.5034 215.3625 217.0304 218.2902 219.6107 221.5664 218.0888 202.3801 -9999 -9999
326.2106 325.561 323.5087 322.0165 324.3099 330.3885 334.9831 333.6102 330.7247 326.8099 319.8852 311.1215 302.6447 294.7435 286.7503 279.4623 269.1186 255.6997 242.354 235.9541 236.6894 234.7824 229.0856 238.134 253.0725 266.1859 278.1301 280.9228 276.6667 272.07 268.6361 265.3999 262.0425 258.9298 255.1916 250.7407 246.6309 242.3005 240.0378 237.6996 232.125 227.2605 218.9115 210.2173 209.5537 207.4397 205.3014 206.3582 207.6067 208.2374 208.6861 211.293 211.9544 211.1303 210.4397 211.3287 213.2317 214.992 215.8376 217.875 221.6335 225 229.5739 231.789 230.4403 225 -9999
323.0591 322.9975 322.4716 320.4638 319.8991 324.4623 330.7086 332.9424 332.9562 329.6888 320.4119 305.6553 284.6209 263.5169 247.1355 233.3929 221.0548 210.0049 203.8952 206.565 210.2564 210.1414 209.7449 220.1355 237.4074 250.4077 262.1847 272.7263 276.8428 275.856 272.8624 269.2927 266.7845 265.5028 260.6553 252.951 246.6148 241.8868 238.6005 234.1888 227.4895 220.2364 211.3287 206.3331 206.1139 204.3625 204.2059 206.9802 208.426 208.8724 211.4521 213.9591 212.8557 213.5507 214.6952 214.1436 214.9025 217.1998 219.1226 222.2298 226.023 228.4336 232.9696 236.7683 239.8265 242.1027 -9999
315.5208 317.4896 320.2418 320.5453 320.0921 322.8153 326.8336 331.0259 331.3895 315 267.614 229.8645 217.3493 215.3112 213.9436 211.7595 204.3625 194.7436 192.7243 199.2495 205.7693 206.3331 207.9622 221.1215 239.4703 248.459 255.5297 263.4802 267.0643 268.4926 267.7688 266.2847 265.3999 263.3675 257.125 247.8905 237.1715 232.7218 231.3402 226.7357 218.3865 208.5231 203.1986 202.9489 203.1986 203.5747 205.2532 208.3008 210.6354 212.4712 215.8821 216.4692 215.4171 216.7644 218.2464 218.6598 220.7946 224.1575 226.7098 230.4403 233.9726 235.204 237.9074 240.9454 244.2307 247.249 239.0362
306.7928 309.5077 315 319.5288 320.6544 319.9166 316.6603 308.6598 192.2648 182.8156 187.4314 192.4751 197.8787 205.308 209.2076 208.5778 198.9832 188.6156 189.0579 200.6954 212.7843 217.3596 222.3974 237.0306 250.0675 253.1786 252.5528 252.5528 252.4397 252.0127 251.565 251.1139 252.3777 249.0573 241.6992 234.6599 223.8065 222.1376 220.0303 213.8453 207.2842 200.0715 197.8189 200.4496 201.8014 203.782 205.9534 209.5115 213.9591 217.1709 220.6568 221.1859 221.8202 222.546 223.3634 225 227.5638 231.2419 234.9042 240.3333 244.0577 243.7999 244.5731 247.4427 252.0721 255.3791 254.7449
292.6199 291.7139 290.7387 289.5367 285.4885 265.9144 203.1986 172.9542 167.5249 171.4913 178.7078 187.1772 194.8265 203.2995 208.6983 206.565 195.3956 185.6307 189.2645 210.5476 231.4698 242.049 249.9048 256.9081 257.2756 250.7407 241.7984 238.5359 239.0362 236.6593 234.0193 233.7462 234.7276 231.6135 226.8183 220.9144 212.5926 212.9052 209.7449 204.0151 200.2727 196.0112 195.4222 199.9037 202.4794 205.56 209.4072 213.6901 217.5394 220.8151 224.2838 225 226.6135 227.5638 228.5215 230.1944 232.6507 237.1549 243.1527 250.0169 251.9958 250.5139 251.565 255.1735 260.1664 262.7468 262.875
258.887 248.4986 234.8336 225.6987 216.6743 195.8025 174.2894 165.6689 165.7841 171.142 179.2462 186.509 194.1279 201.1941 205.8011 203.8243 194.0362 187.5684 199.8671 232.1992 249.1284 252.451 252.6811 250.3462 242.8787 234.7524 228.7517 225.924 225 224.2152 223.4518 223.4725 222.8253 220.7636 218.3333 212.5604 204.8637 201.5713 197.7232 194.9951 194.25 193.1204 194.9586 200.3532 204.1455 208.426 214.4608 218.2902 220.2364 222.9786 225 226.4321 229.5739 231.7098 234.0193 236.1292 240.1011 246.3369 252.3239 256.1088 256.6075 257.7352 259.3803 262.0928 264.9364 266.1859 270
230.4691 220.452 211.1153 208.5155 204.5074 190.3416 171.2853 161.565 163.2288 170.4753 180 187.696 195.5241 201.5226 204.3256 203.471 198.1992 201.2973 225.7252 245.8286 244.2653 234.0903 226.8476 222.9786 220.7108 218.5007 215.4171 215.1664 216.6561 217.6942 217.2664 216.0983 214.992 214.6952 212.1957 206.1468 199.6871 194.2811 189.7824 188.7812 190.6197 192.9946 197.8919 204.8057 210.4889 215.1939 220.1207 225 230.856 236.6115 240.1858 243.178 245.556 246.2973 248.5747 252.0127 256.6075 261.2094 263.5302 263.2544 263.5169 266.1859 269.1186 270.7639 272.7927 278.6157 298.3008
219.8056 212.2213 206.1753 204.8637 202.9887 191.3099 171.7475 158.4287 159.3046 169.4792 182.1211 193.2665 202.9489 207.204 206.7675 206.1881 207.3239 216.7808 228.5763 230.8156 224.0207 216.076 212.074 209.8271 208.4429 207.3954 207.0875 208.7398 210.3791 211.7236 211.5782 209.9084 209.2193 209.1343 206.9277 202.8737 197.354 190.9679 189.0193 192.4751 195.9454 201.9149 214.2157 228.5763 241.4404 251.9958 260.8821 267.5104 272.3373 276.6048 279.6599 281.0702 280.8139 281.3099 282.3808 283.707 285.2551 282.9074 278.4711 275.6483 275.0796 276.4994 280.6698 282.45 282.6002 287.9691 308.6598
214.6111 208.7798 204.5074 203.6294 203.3109 192.926 173.7655 155.4099 154.179 171.8699 197.6761 226.0609 251.0296 264.0939 264.1736 251.565 241.9275 238.1906 232.7336 226.1935 220.054 215.9724 213.1901 208.7203 205.8398 204.7082 203.7972 205.0963 206.1139 206.4089 206.565 205.0169 204.5074 205.062 203.8865 200.1126 195.5241 194.7436 204.0151 220.9858 236.8887 262.1847 282.2648 292.3801 298.0092 303.2614 307.875 307.4506 303.8262 300.9637 299.1569 299.6785 301.7151 303.0707 304.3302 303.8453 302.6375 300.3791 296.0296 292.249 289.9831 290.1576 292.0679 292.3062 288.8531 285.124 301.6075
212.2166 207.6176 203.471 201.9974 200.2605 192.0678 177.5105 157.9727 155.8545 192.9946 253.369 286.2602 305.0362 318.9182 330.3955 336.5014 332.1027 318.7517 300.4655 282.2005 267.1376 258.959 252.0127 239.3003 228.8785 222.546 216.142 217.0565 217.321 214.8085 213.2066 209.7449 207.5701 206.3721 204.918 204.8637 210.6186 232.2369 264.0939 286.8214 306.4692 315 315.6511 315.5907 315 314.3839 313.0475 311.6335 310.0608 306.9727 304.249 304.3803 306.2538 307.304 307.304 307.6942 308.2464 307.6736 304.992 301.9448 300.7627 301.185 299.5779 295.6155 287.4472 273.8141 251.565
210.6064 208.1132 203.8539 199.9831 196.7626 190.7995 180 168.1113 178.2285 249.7751 281.482 294.5777 306.1582 317.6324 329.9729 339.1455 343.3391 343.6105 338.1208 333.4349 329.1843 325.1915 324.8061 328.8407 327.7244 320.8067 316.0051 307.2782 300.0049 295.4976 286.7827 276.7662 271.0051 268.9191 270 279.8336 293.1986 301.2777 305.7274 311.4604 319.4474 320.4691 318.3997 317.8624 316.828 315.6585 313.6361 312.1729 311.1859 307.6942 306.9643 308.211 308.5006 309.7376 309.2176 308.5812 310.3645 310.8554 308.3865 305.4069 304.992 305.6901 302.2425 291.9745 270 242.8787 212.0054
212.0472 211.2284 206.565 199.2127 193.5704 189.2299 184.7942 192.1313 246.9911 282.0023 288.6536 292.9993 299.2192 309.8572 325.105 335.6841 342.0506 345.1414 342.951 338.658 337.1664 336.8014 337.6199 340.2328 341.2948 339.201 337.225 334.8407 333.7886 335.2826 336.1247 336.4477 334.0466 334.2307 332.5256 326.411 321.3402 317.386 315.4855 317.7006 321.0724 319.2142 316.7899 316.2873 315 313.5679 312.8524 312.6785 311.0275 307.4506 307.1467 308.6598 309.2176 310.7636 311.4677 309.7376 309.2894 310.7321 309.0355 304.6952 301.6513 298.7398 290.556 263.2902 225 210.5792 199.7989
217.4506 215.1061 209.2328 199.3348 192.0613 196.1573 216.4692 262.4054 285.4786 291.541 291.1813 292.1664 294.121 300.2308 315 329.1843 336.8014 338.9625 340.1448 338.0026 337.5431 339.444 340.821 341.8163 341.5651 340.622 338.8059 337.2703 337.6594 338.9625 339.8874 341.0856 339.444 337.184 334.2198 329.5002 324.9262 321.1322 319.0496 319.7148 320.0796 318.145 316.3169 315.7162 315 312.7974 311.9471 313.3634 311.2847 307.875 308.3675 310.1207 310.9144 311.5526 312.0263 311.7755 309.8827 308.5584 305.0494 296.9166 282.0948 256.2637 223.0909 199.179 190.9228 193.627 194.4208
222.546 217.7757 213.0707 209.0546 218.0189 258.6901 285.8657 292.3354 293.649 294.3339 292.5368 291.2716 290.5133 292.1194 301.2509 317.1211 327.6002 331.4845 335.8545 338.0026 339.0151 340.8368 341.5651 341.3283 340.6593 340.9065 339.8424 339.3625 339.4867 339.6638 339.8874 340.1448 339.7024 336.9911 333.7498 330.3409 326.3099 322.696 321.4044 320.8395 318.9452 317.7263 316.4502 315.7538 315 313.4926 313.4306 314.2361 312.2737 309.2894 310.452 312.3676 312.337 312.8253 312.6467 313.3153 312.1844 307.1847 295.641 264.2894 219.6442 199.5367 189.1179 185.7743 184.4971 187.7652 193.0919
233.5836 233.5836 243.435 267.5805 293.7026 303.8262 303.6901 299.6115 296.7108 295.8011 294.969 292.775 290.6375 289.9831 293.5323 305.1061 317.2906 325.905 332.2924 337.2035 339.5377 339.5377 339.8516 339.444 338.3978 339.5672 339.9864 340.3959 340.3716 339.8874 339.8874 339.1791 339.3994 336.5014 332.2589 329.5536 325.9886 323.7906 323.9396 322.9435 320.5055 318.6678 317.2605 316.5275 315 314.2361 315 314.3013 313.0475 311.1859 310.5028 311.6726 312.1729 313.4518 313.2902 310.9858 307.0565 292.0679 237.5288 191.3099 182.4195 181.273 181.1233 184.316 186.0959 189.4623 196.46
280.561 285.5241 295.2328 302.7639 307.0425 308.3255 305.4457 301.7873 299.5007 298.3499 298.2443 295.71 293.5523 294.0343 297.9371 304.5085 311.5467 320.7106 329.1723 335.487 338.4287 337.8336 338.1986 338.4774 336.8014 337.4099 338.8505 339.8516 340.3462 339.6236 339.8516 339.0755 339.0202 336.4854 332.0205 330.1541 327.0115 325.6965 325.7843 323.5308 321.7536 319.5739 318.0128 318.0128 317.2605 315.744 315 313.6521 312.3974 311.7845 311.0995 311.5107 311.9872 313.3153 313.9391 307.0928 276.8428 198.435 174.6107 168.9965 170.2176 174.1737 178.3317 184.9937 189.7436 193.8912 199.9831
316.7098 312.93 310.8296 309.2321 307.8008 307.8008 306.0546 303.7812 302.9387 302.2929 301.5269 298.6389 297.2903 299.8271 303.959 307.9297 311.7161 317.7006 325.8403 332.2815 335.082 336.0775 337.0113 336.9087 335.8286 335.6235 336.5953 339.1284 340.3462 339.8516 340.3197 340.051 339.7751 337.225 333.6157 332.3189 330.5241 328.707 326.4587 323.0171 320.6307 318.8654 317.9737 318.7153 318.7153 317.1476 315.6903 313.6678 312.3974 311.748 311.5936 312.0263 311.6335 310.5154 304.5085 241.6992 176.6335 164.0546 162.0309 162.3499 164.7449 171.4164 177.8789 185.8696 192.5877 197.354 202.5741
324.0395 318.9647 316.1017 313.8542 312.1087 310.684 308.2902 306.2188 305.7067 305.352 305.0223 304.0459 303.5245 305.4011 307.2714 309.4588 313.0419 317.224 323.2971 329.3227 332.1455 334.179 336.4677 336.4677 335.2826 334.3163 334.9831 338.1265 339.8516 340.5815 341.0647 340.56 340.8045 338.7284 335.6955 333.8384 332.5256 330.611 326.8024 323.9306 321.8428 320.7824 319.9392 320.7824 320.0636 317.7591 317.07 313.6197 310.1792 308.5006 306.8699 303.3106 295.71 268.0251 187.5947 167.4712 163.5231 159.5196 158.6294 159.5074 162.2352 169.3151 176.8779 186.1155 193.6713 199.0751 204.444
327.2883 322.4543 320.4923 318.2705 317.0826 314.5103 310.352 308.2902 309.7099 309.8056 308.264 308.4802 308.3131 307.9716 308.1731 310.0497 313.4518 317.1816 322.2632 327.7787 331.5258 333.2325 333.6418 333.6346 332.6761 331.7557 332.4639 333.8384 334.8225 337.7144 339.9048 338.7723 339.2858 338.6294 336.541 334.9164 333.699 332.9044 329.0363 324.335 321.6667 320.1282 318.7153 318.8654 317.2906 314.2655 314.2462 311.8202 303.8571 294.3256 278.3929 250.8664 217.0928 186.7662 168.0707 161.565 160.0675 158.8059 158.1986 158.1986 161.565 166.5043 173.5412 184.5538 193.5704 201.4477 208.7677
