defaults/ash_slope.asc
ncols         382
nrows         266
xllcorner     157819.328125
yllcorner     384678.625
cellsize      30
NODATA_value  -9999
[rows 145 to 173 of 266, columns 132 to 197 of 382]
3.931096 4.16874 3.723867 3.723867 3.723867 3.471741 3.321432 3.438912 3.723867 3.723867 3.199601 3.199601 3.723867 4.058664 4.393377 4.058664 3.109633 2.263636 2.1343 3.05437 3.035724 2.882181 2.901822 2.862405 3.016961 3.181813 3.584252 3.584252 3.33847 3.471741 3.181813 3.109633 3.584252 3.584252 3.321432 3.016961 2.901822 3.016961 2.901822 3.181813 3.631393 3.843668 4.495149 5.808223 7.416537 7.506143 6.492566 6.853225 10.07397 14.51358 16.41955 15.59961 17.1804 19.37588 19.63041 19.03464 17.22437 15.0734 13.82849 13.27067 11.79571 9.520202 8.710355 7.506143 5.57096 5.720433
3.471741 3.520405 2.781886 2.781886 3.631393 2.781886 3.016961 3.438912 3.389067 3.035724 2.719923 3.109633 3.389067 3.723867 3.723867 3.035724 2.052775 0.7548945 1.217118 1.687605 2.024868 2.263636 2.635026 2.862405 3.016961 2.901822 2.901822 2.862405 2.862405 3.181813 3.471741 3.109633 2.862405 2.901822 3.199601 2.882181 2.433139 2.719923 2.901822 3.109633 3.931096 4.822542 5.006282 5.150652 6.13738 7.179646 6.80409 7.333393 9.697272 13.04473 15.90988 16.11801 17.03871 19.47372 21.26038 21.35997 19.37588 16.91951 15.0734 14.2036 13.65579 11.31471 10.05223 9.01551 6.926249 6.62069
3.016961 2.882181 2.569503 3.05437 4.16874 3.035724 2.882181 3.438912 3.109633 2.719923 2.698951 2.698951 2.361991 2.569503 2.635026 2.160789 1.391763 1.391763 1.509527 1.06752 1.817522 2.160789 2.635026 2.635026 2.569503 2.433139 2.433139 2.635026 2.862405 2.901822 3.016961 2.901822 2.862405 2.901822 3.199601 3.199601 2.901822 2.901822 2.901822 3.109633 3.814075 4.857533 5.875573 6.37937 6.37937 6.853225 6.37937 6.80409 9.392361 11.98121 14.53516 16.49388 18.09247 19.51118 21.27147 22.61987 21.22926 18.48053 16.5678 15.56321 15.53334 14.56748 12.6888 10.80495 8.935632 7.653049
3.181813 2.719923 2.882181 4.100294 4.727942 4.43182 4.380487 4.380487 3.471741 2.569503 2.698951 2.361991 1.687605 1.817522 2.160789 2.385944 1.432096 1.06752 1.721006 1.909152 2.160789 2.385944 2.433139 2.433139 2.569503 2.635026 2.901822 2.901822 2.862405 2.901822 3.181813 3.584252 3.584252 3.181813 3.199601 3.199601 2.901822 2.901822 2.901822 2.635026 2.433139 3.109633 4.857533 6.492566 6.603755 6.466625 5.875573 5.226704 7.054132 9.702927 11.67175 13.7712 16.52781 18.57659 20.06439 21.39523 21.8057 20.45103 18.56861 17.65381 17.04761 17.03574 15.84517 13.04473 11.12656 9.094641
3.584252 3.646971 5.006282 6.281943 6.37937 6.37937 5.427643 4.114075 3.109633 2.635026 2.719923 2.052775 1.721006 2.361991 2.698951 2.385944 1.391763 0.9548413 1.687605 1.909152 1.909152 2.160789 2.719923 2.901822 3.181813 3.584252 3.584252 3.109633 2.862405 2.901822 2.901822 2.862405 2.901822 3.016961 3.199601 3.199601 2.901822 3.109633 3.372287 2.719923 1.432096 1.687605 1.967864 3.520405 5.427643 6.091478 5.759621 5.062307 5.396424 7.062044 8.716697 9.719868 12.33854 16.63215 18.82966 19.00885 20.45103 21.54635 21.06822 20.48144 19.21135 18.27289 17.83148 15.02164 12.31682 11.44769
4.787291 5.885129 6.80409 6.696347 6.37937 6.063765 4.787291 3.646971 2.635026 2.635026 2.882181 2.569503 2.569503 2.719923 2.698951 2.052775 1.721006 1.817522 1.909152 2.160789 2.635026 2.901822 2.719923 2.433139 2.635026 2.901822 2.862405 2.862405 2.862405 2.901822 2.901822 2.862405 3.109633 3.471741 3.520405 3.321432 3.584252 3.814075 3.646971 3.520405 2.719923 1.817522 0.675206 0.7548945 3.109633 5.427643 6.063765 5.720433 5.385977 5.720433 6.721369 8.049467 10.69877 16.11483 18.94418 18.28646 19.56098 22.14068 23.32204 22.83201 21.55289 19.42363 18.1227 15.99994 13.04473 13.7712
4.972358 5.875573 6.063765 5.64122 5.226704 4.262693 3.109633 3.109633 2.263636 2.263636 2.882181 3.016961 3.016961 2.882181 2.719923 2.1343 2.1343 2.1343 2.160789 2.719923 2.901822 2.901822 2.901822 2.901822 2.862405 2.901822 2.862405 2.862405 2.862405 3.109633 3.584252 3.584252 3.109633 3.181813 3.945476 3.931096 3.814075 3.814075 3.931096 4.262693 3.931096 3.372287 2.263636 1.217118 1.687605 3.769244 5.730256 5.730256 5.385977 5.385977 5.730256 7.179646 10.21938 15.80619 20.06919 19.63041 19.68967 22.03334 23.71408 23.30647 22.65441 20.81429 17.67649 14.71008 12.60438 13.85894
4.262693 4.822542 5.226704 5.006282 4.262693 3.016961 2.263636 2.719923 2.569503 2.263636 2.719923 2.569503 2.569503 2.569503 2.456395 2.456395 2.569503 2.569503 2.719923 2.719923 2.160789 2.263636 2.719923 2.901822 2.862405 2.901822 2.862405 2.862405 2.862405 2.862405 2.862405 2.901822 2.901822 3.109633 3.769244 3.931096 3.814075 3.814075 3.931096 4.262693 3.931096 3.931096 4.072588 3.584252 2.901822 2.719923 4.582315 4.763642 5.051153 5.385977 5.09562 5.322853 6.926249 11.08264 17.10974 19.53361 18.64028 19.23932 22.20139 23.76525 23.48464 22.14907 18.15834 13.5821 12.20757 12.68038
3.035724 4.058664 4.044691 3.438912 2.882181 2.160789 2.263636 3.016961 3.646971 3.584252 3.520405 3.016961 2.719923 2.569503 2.569503 2.781886 2.569503 2.569503 2.569503 2.433139 2.635026 2.719923 2.569503 2.862405 3.33847 3.109633 2.862405 2.862405 2.862405 2.862405 2.862405 3.109633 3.584252 3.814075 3.931096 3.931096 3.814075 3.814075 3.931096 4.380487 4.582315 4.857533 5.139694 5.479269 5.258953 5.006282 5.730256 5.385977 4.715981 5.051153 4.763642 4.262693 4.763642 6.091478 10.11188 14.66391 15.43999 16.72659 21.39303 24.3194 23.91028 22.20974 18.82966 14.58181 13.70979 13.37805
2.882181 3.631393 3.199601 2.719923 2.781886 3.372287 4.058664 4.532714 5.006282 5.006282 4.393377 3.931096 3.584252 3.181813 2.719923 2.456395 2.456395 2.569503 2.263636 2.263636 3.016961 3.372287 3.471741 3.372287 3.109633 3.109633 3.584252 3.814075 3.584252 3.33847 3.584252 3.814075 3.814075 3.814075 3.931096 3.931096 3.814075 3.814075 4.114075 4.679913 4.787291 4.857533 4.857533 5.258953 6.423151 7.825526 8.898507 8.811234 6.754584 5.396424 4.763642 4.16874 4.393377 4.393377 5.051153 8.111279 10.75958 14.43409 20.38767 23.8934 22.99374 20.60017 19.51118 18.2457 17.23023 15.43999
3.438912 3.843668 3.438912 3.723867 4.43182 4.679913 4.763642 4.763642 5.006282 5.258953 4.763642 4.114075 3.814075 3.33847 2.635026 2.569503 2.781886 2.569503 2.160789 2.1343 2.719923 3.016961 3.471741 3.109633 2.901822 3.181813 3.931096 4.532714 4.787291 4.763642 4.532714 4.058664 4.058664 4.289153 4.222687 3.931096 3.814075 3.814075 4.058664 4.582315 4.582315 4.393377 4.582315 4.857533 5.051153 6.201054 8.543726 10.92491 10.48288 8.077001 5.427643 4.43182 4.380487 4.044691 4.393377 5.808223 8.61464 13.53533 20.00178 22.8721 21.28035 19.48122 20.5351 21.18246 18.70368 15.93889
4.495149 5.385977 5.479269 5.150652 4.727942 3.945476 4.315449 4.532714 4.058664 4.058664 4.315449 3.814075 3.109633 2.719923 2.385944 2.569503 2.456395 2.456395 2.385944 1.967864 2.052775 2.052775 2.052775 2.433139 3.843668 5.139694 5.427643 5.520213 6.18293 6.893893 6.671227 6.201054 6.457954 6.423151 6.173848 5.788832 5.479269 5.006282 4.763642 5.006282 5.520213 5.788832 5.730256 5.006282 3.584252 3.769244 5.520213 8.935632 11.12656 11.34812 8.077001 5.427643 5.051153 4.393377 4.727942 5.720433 7.746974 13.2146 19.7487 21.64845 20.12913 18.78516 19.05009 19.19861 18.28646 18.17476
9.566236 9.321836 7.804185 5.601182 4.16874 3.769244 4.072588 4.532714 4.315449 3.372287 2.719923 2.1343 1.509527 1.817522 1.909152 2.1343 2.1343 2.719923 2.635026 2.433139 1.721006 2.1343 2.385944 3.109633 4.582315 5.269658 4.857533 4.114075 3.843668 3.843668 4.114075 4.532714 4.582315 4.315449 4.822542 4.857533 4.787291 5.006282 5.479269 5.710593 5.951584 6.2551 5.989218 5.730256 5.520213 4.972358 4.582315 6.281943 8.767251 11.33382 11.02379 8.111279 6.39692 5.09562 4.763642 5.396424 6.13738 11.2764 17.57697 19.82703 18.56861 15.95177 15.35943 16.75086 19.18077 21.4655
11.31949 9.920729 7.393958 5.730256 4.857533 4.262693 3.843668 3.843668 4.393377 3.843668 2.385944 1.509527 0.7548945 1.432096 2.160789 2.569503 2.882181 3.438912 3.181813 3.471741 2.862405 3.05437 4.044691 4.43182 4.100294 2.781886 1.687605 1.217118 0.7548945 0.3376147 0.3376147 0.4774538 0.3376147 0.3376147 1.350224 1.817522 2.160789 2.635026 2.901822 2.862405 2.862405 3.181813 3.646971 4.058664 4.582315 4.315449 3.646971 4.262693 6.423151 9.064293 11.37191 11.12656 9.514431 7.57262 6.13738 6.091478 5.875573 8.898507 13.82468 16.9703 17.04761 14.65679 15.05617 18.02353 21.54635 23.73873
8.543726 7.609289 6.926249 6.721369 6.423151 5.520213 4.222687 2.901822 2.456395 3.631393 3.372287 1.217118 0.7548945 1.721006 2.569503 3.321432 3.945476 4.262693 4.222687 4.582315 4.582315 4.380487 5.062307 4.43182 2.882181 1.509527 0.9548413 0.9548413 0.9548413 0.7548945 0.3376147 0 0 0 0.3376147 0.7548945 0.9548413 0.7548945 0.3376147 0 0 0.3376147 0.7548945 0.9548413 1.217118 1.432096 1.217118 1.721006 3.769244 6.526987 9.514431 11.56032 12.0215 11.08264 9.462322 8.056359 7.085727 8.219958 10.86011 14.31024 15.79642 14.94882 16.11801 18.00416 19.29511 20.19597
7.393958 7.594644 7.653049 7.653049 7.36374 6.671227 5.258953 3.199601 2.433139 3.843668 3.33847 1.01275 1.06752 2.052775 3.035724 4.16874 5.006282 5.128712 4.972358 5.006282 5.520213 5.885129 6.281943 4.520227 2.433139 1.217118 0.9548413 0.9548413 0.9548413 1.06752 1.01275 0.3376147 0 0 0 0 0 0 0 0 0 0 0 0 0 0 0 0.3376147 1.06752 2.781886 5.550718 8.61464 10.60683 11.24276 11.72702 11.02379 9.374783 9.046032 9.702927 11.97673 14.08483 14.05495 13.16632 11.99914 10.43076 10.01407
6.423151 6.654425 6.721369 6.721369 6.457954 6.2551 6.173848 6.13738 5.396424 4.903792 3.438912 1.967864 1.967864 3.372287 5.051153 5.479269 5.322853 5.128712 4.972358 5.006282 5.710593 6.344121 5.875573 3.843668 3.035724 1.350224 0.3376147 0 0 0.3376147 1.06752 0.7548945 0 0 0 0 0 0 0 0 0 0 0 0 0 0 0 0 0 0.3376147 1.391763 3.723867 6.39692 8.485238 11.17999 13.08946 12.6888 11.00902 9.697272 9.748033 11.08264 11.63011 10.19798 8.001043 6.492566 6.063765
2.862405 2.862405 3.181813 3.646971 4.114075 4.582315 5.269658 6.926249 8.380192 9.421579 8.710355 6.990494 5.951584 6.063765 6.423151 5.479269 4.582315 4.262693 4.072588 3.843668 3.843668 3.471741 2.263636 2.024868 3.109633 2.361991 1.350224 0.3376147 0 0 0.9548413 0.9548413 0 0 0 0 0 0 0 0 0 0 0 0 0 0 0 0 0 0 0 1.06752 3.035724 5.226704 7.973233 11.17999 13.67896 13.93471 11.99466 9.514431 8.697658 8.697658 8.16581 7.43155 6.926249 7.45401
-9999 -9999 0.3376147 0.7548945 1.217118 1.687605 2.569503 4.262693 6.317551 8.984877 11.04344 11.2764 10.18189 8.118116 6.063765 4.822542 3.945476 3.199601 2.1343 1.217118 0.7548945 0.3376147 0.3376147 1.217118 1.967864 2.1343 1.817522 0.7548945 0 0.3376147 1.06752 0.7548945 0 0 0 0 0 0 0 0 0 0 0 0 0 0 0 0 0 0 0 0.3376147 1.06752 2.1343 3.769244 6.423151 10.07397 13.64418 14.59255 11.81851 9.256682 8.219958 7.653049 7.653049 7.506143 9.256682
-9999 -9999 -9999 -9999 -9999 -9999 0.3376147 1.06752 1.967864 3.181813 4.972358 6.344121 7.264627 6.721369 5.258953 3.631393 2.1343 1.06752 0.3376147 0 0 0.3376147 1.01275 1.350224 1.721006 1.817522 1.687605 0.9548413 0.3376147 1.01275 1.01275 0.3376147 0.3376147 0.7548945 0.9548413 0.9548413 0.7548945 0.3376147 0 0 0 0 0 0 0 0 0 0 0 0 0 0 0 0.3376147 1.391763 2.719923 5.062307 9.064293 12.97935 13.72133 11.87755 9.970262 8.898507 8.898507 9.094641 10.48288
-9999 -9999 -9999 -9999 -9999 -9999 -9999 -9999 -9999 -9999 -9999 1.06752 2.1343 2.569503 2.719923 1.687605 0.4774538 0 0.3376147 0.7548945 0.9548413 1.391763 1.721006 1.391763 1.721006 1.721006 1.391763 1.06752 1.01275 1.01275 0.3376147 0 0.7548945 1.01275 0.9548413 0.9548413 1.06752 1.01275 0.3376147 0 0 0 0 0 0 0 0 0 0 0 0 0 0 0 0.7548945 1.391763 2.024868 4.393377 8.485238 12.51078 13.96488 13.31454 12.05719 11.08264 11.40514 11.97673
-9999 -9999 -9999 -9999 -9999 -9999 -9999 -9999 -9999 -9999 -9999 -9999 -9999 1.01275 0.675206 1.391763 1.350224 0.3376147 0.7548945 1.350224 1.687605 1.817522 1.391763 0.7548945 1.217118 1.687605 1.06752 1.06752 1.06752 0.3376147 0.3376147 0.7548945 1.01275 0.7548945 0 0 0.3376147 1.01275 1.01275 0.3376147 0 0 0.3376147 0.4774538 0.3376147 0 0 0 0 0 0 0 0 0 0.3376147 1.06752 1.06752 1.391763 3.520405 7.249253 11.08264 13.23866 13.78268 13.31454 13.51578 13.91581
-9999 -9999 -9999 -9999 -9999 -9999 -9999 -9999 -9999 -9999 -9999 -9999 -9999 -9999 -9999 1.391763 1.721006 1.217118 1.391763 2.052775 2.1343 2.160789 1.432096 0.9548413 1.01275 1.687605 0.9548413 0.9548413 0.9548413 0 0.7548945 1.01275 0.7548945 0.3376147 0 0 0 0.3376147 1.01275 1.06752 0.9548413 0.9548413 1.06752 0.7548945 0.7548945 0 0 0 0 0 0 0 0 0 0 0.7548945 1.01275 0.9548413 1.217118 2.569503 5.226704 7.43155 9.421579 11.31471 12.8267 14.88257
-9999 -9999 -9999 -9999 -9999 -9999 -9999 -9999 -9999 -9999 -9999 -9999 -9999 -9999 -9999 -9999 1.817522 2.433139 2.263636 3.05437 3.109633 2.635026 2.1343 1.432096 1.509527 1.350224 1.06752 1.06752 0.7548945 0.3376147 1.06752 0.7548945 0 0 0 0 0 0 0.3376147 0.7548945 0.9548413 0.9548413 0.7548945 0.675206 1.01275 0.9548413 0.9548413 0.7548945 0.3376147 0 0 0 0 0 0 0.3376147 0.7548945 0.9548413 0.9548413 0.9548413 1.687605 2.698951 4.43182 7.249253 10.43599 14.93838
-9999 -9999 -9999 -9999 -9999 -9999 -9999 -9999 -9999 -9999 -9999 -9999 -9999 -9999 -9999 -9999 1.06752 2.719923 3.584252 3.471741 2.385944 1.509527 2.024868 1.217118 1.06752 0.7548945 1.06752 1.06752 0.3376147 0.7548945 1.06752 0.3376147 0 0 0 0 0 0 0 0 0 0 0 0.3376147 0.7548945 0.9548413 0.9548413 1.06752 1.06752 0.9548413 0.9548413 0.9548413 0.7548945 0.3376147 0 0 0 0 0 0.3376147 1.06752 0.9548413 1.391763 3.199601 6.729689 12.33854
-9999 -9999 -9999 -9999 -9999 -9999 -9999 -9999 -9999 -9999 -9999 -9999 -9999 -9999 -9999 -9999 -9999 2.719923 4.393377 3.931096 2.263636 0 1.350224 1.391763 0.4774538 0.3376147 1.06752 0.7548945 0 0.9548413 0.9548413 0 0 0 0 0 0 0 0 0 0 0 0 0 0 0 0 0.3376147 0.7548945 0.9548413 0.9548413 0.9548413 1.06752 1.06752 0.7548945 0.3376147 0 0 0 0.7548945 1.06752 0.3376147 0 0.3376147 2.719923 7.45401
-9999 -9999 -9999 -9999 -9999 -9999 -9999 -9999 -9999 -9999 -9999 -9999 -9999 -9999 -9999 -9999 -9999 1.967864 3.471741 4.262693 3.199601 1.06752 0.3376147 1.01275 1.06752 1.06752 1.01275 0.3376147 0 0.9548413 0.9548413 0 0 0 0 0 0 0 0 0 0 0 0 0 0 0 0 0 0 0 0 0 0.3376147 0.7548945 1.06752 1.01275 0.3376147 0 0 0.9548413 0.9548413 0 0 0 0.675206 4.072588
-9999 -9999 -9999 -9999 -9999 -9999 -9999 -9999 -9999 -9999 -9999 -9999 -9999 -9999 -9999 -9999 -9999 -9999 2.263636 3.471741 3.931096 1.687605 0 0.3376147 0.7548945 0.7548945 0.3376147 0 0.3376147 1.06752 0.7548945 0 0 0 0 0 0 0 0 0 0 0 0 0 0 0 0 0 0 0 0 0 0 0 0.3376147 1.01275 1.06752 0.9548413 0.9548413 1.01275 0.7548945 0 0 0.3376147 0.7548945 2.635026
-9999 -9999 -9999 -9999 -9999 -9999 -9999 -9999 -9999 -9999 -9999 -9999 -9999 -9999 -9999 -9999 -9999 -9999 -9999 3.109633 4.315449 1.967864 0.4774538 0.4774538 0.3376147 0 0 0 0.4774538 0.7548945 0.675206 0.3376147 0 0 0 0 0 0 0 0 0 0 0 0 0 0 0 0 0 0 0 0 0 0 0 0.3376147 0.7548945 0.9548413 0.9548413 0.7548945 0.3376147 0 0 0.7548945 1.350224 2.052775
