defaults/ash_aspect.asc
ncols         382
nrows         266
xllcorner     157819.328125
yllcorner     384678.625
cellsize      30
NODATA_value  -9999
[rows 150 to 179 of 266, columns 201 to 267 of 382]
201.1941 198.435 199.9831 202.249 202.249 198.435 181.5482 163.8108 151.6992 137.6026 141.009 156.8014 177.2737 198.435 215.5377 225 -1 63.43495 56.30993 45 45 48.17983 48.01279 51.34019 53.1301 51.34019 63.43495 71.56505 225 225 213.1113 199.44 200.3764 213.2749 225.9094 235.6197 236.6503 232.3344 232.5947 237.5288 230.1944 202.5573 180.674 164.0546 149.8863 152.9279 172.5041 188.3659 195.1011 206.1468 235.8403 260.8821 274.4972 279.1624 274.9697 263.047 245.9558 219.1737 193.4486 185.8446 186.8748 182.0601 174.0355 171.2538 174.3824 177.3736 171.2095
207.0309 200.6954 199.9831 200.6954 199.8852 198.435 188.8418 176.9872 162.646 147.2648 147.8043 159.2278 181.9749 207.4744 217.4053 225 243.435 78.69007 63.43495 45 45 45 48.01279 53.53077 55.00798 59.03624 71.56505 90 161.565 203.1986 210.9638 210.2564 219.0939 226.4321 232.5238 233.8068 231.4108 231.2773 234.4623 235.1915 222.1844 187.4314 165.8157 161.565 157.3407 161.565 180 191.6894 200.2249 222.3974 256.6075 272.7792 277.7921 270.6903 248.0513 224.0122 208.7059 190.4516 175.7462 179.5626 187.394 183.9909 175.8818 173.2338 181.6366 186.4831 176.9059
212.4712 203.8387 202.5206 203.5523 204.6769 202.0679 194.7436 183.0128 168.1113 157.1664 153.435 163.1786 183.9909 202.5206 211.4296 219.8056 230.1944 135 45 35.53768 45 45 51.70984 56.30993 59.74356 66.80141 75.96375 90 135 171.8699 198.435 219.2894 231.7098 239.0362 241.6992 237.9946 236.4695 237.4583 237.0948 232.0523 215.0362 181.3322 154.44 156.8014 168.1785 174.8056 188.427 197.7004 216.3844 252.646 269.4645 271.5765 262.4506 237.0115 208.6105 198.0605 192.8477 183.1548 174.4725 182.0454 189.6375 186.5819 181.8476 179.2361 195.5725 207.0309 198.435
210.1735 202.0113 203.4986 207.1213 207.1811 199.359 191.3099 180 169.1597 160.2011 156.0375 165.2564 182.9108 197.8503 209.0546 220.6013 227.2026 231.3402 341.5651 33.69007 36.8699 39.28941 52.59464 56.88866 60.9454 67.83366 76.60751 85.6013 104.0362 146.3099 186.3402 218.6598 237.9946 243.435 243.435 241.3139 242.4748 239.9816 232.125 223.8427 210.6507 183.9647 153.9465 155.2249 179.1449 187.0013 198.435 212.2757 247.9887 272.0214 272.6754 260.8376 234.0903 204.8293 190.008 186.9811 186.9272 182.6264 182.3373 193.5232 197.4027 199.0256 207.646 216.4692 243.435 254.7449 265.6013
197.2415 195.1011 201.1613 205.3462 202.9321 194.8586 185.8263 175.6013 167.1523 159.9439 157.6199 166.5348 180.7848 195.124 209.4759 221.8202 226.3322 229.3987 237.5288 18.43495 23.19859 37.87498 49.3987 54.46232 62.65012 69.44395 72.89727 79.99202 102.9946 135 180 217.875 233.7462 240.5241 245.3231 242.4472 238.1725 228.6914 218.4181 216.0274 210.9638 190.2568 162.3499 163.6105 189.6375 201.5713 219.0939 246.4477 270 272.5448 259.992 235.3048 206.8962 191.0409 184.6001 185.3145 192.45 194.9314 207.646 228.6914 234.4623 248.1986 263.6598 277.5946 287.1027 279.1624 276.7098
186.6325 191.5601 200.0952 203.7495 201.3706 194.0362 184.6859 174.2894 164.4275 156.3706 154.44 164.3578 180 195.2551 210.9638 222.3974 227.9609 230.4403 229.7636 232.125 0 45 51.34019 59.93142 70.46335 75.57922 76.42957 82.56859 98.97263 128.6598 174.8056 201.0375 225 240.5241 246.3706 242.2415 232.696 217.5686 210.7355 215.5377 214.3396 197.387 175.1792 180 205.0169 225 252.4076 274.0856 277.0284 261.8699 230.9469 208.7798 195.141 189.2461 188.7462 196.7826 216.2538 232.3524 249.6236 259.8245 265.1009 274.6355 279.6888 283.2405 285.6422 278.7462 268.2643
183.3665 193.0791 203.1986 206.0033 202.8336 196.4769 187.8831 177.0892 164.1975 149.0362 143.2971 155.556 179.2152 197.488 211.6513 224.1931 230.7106 231.2258 229.514 227.6026 217.875 135 71.56505 64.98311 70.46335 75.25644 81.38435 87.87891 92.48956 110.556 158.9625 198.435 229.0856 240.5241 242.6501 242.7447 233.7462 218.6598 214.992 220.6013 218.0888 203.7027 191.0035 202.3801 230.0424 254.5388 271.0416 273.6914 261.3268 231.1702 204.9048 196.9908 194.3814 196.049 204.5901 222.0643 240.124 249.444 257.1957 263.047 265.6013 268.6028 270 270 272.2906 272.4896 258.6901
183.4336 197.354 208.6105 209.2914 203.8952 199.7989 194.2373 183.9452 169.992 148.6713 133.8309 143.9149 176.6335 200.9245 214.6952 226.6847 231.7536 231.8091 229.5739 223.3634 212.1957 200.556 191.3099 71.56505 76.42957 81.8699 86.98721 91.97494 96.84277 103.3925 128.6598 198.435 221.1859 230.7106 239.6209 241.2602 230.1944 222.2737 222.3974 225 223.698 214.6952 214.5625 233.1301 254.1975 266.1859 266.9872 253.6105 228.1798 205.1448 195.2551 194.7436 200.2249 211.293 226.3972 239.0362 247.3062 252.8241 256.5043 258.1785 258.6901 257.6192 256.6075 259.2869 263.6598 261.8699 255.2564
183.9005 204.3411 213.8571 209.8989 203.7027 202.6713 200.8209 190.9541 175.9144 154.7468 133.977 138.8785 174.9576 208.7398 222.7543 230.8067 234.5931 233.6864 227.8624 218.7966 212.125 211.5043 213.6901 161.565 100.4915 93.99091 92.8624 97.12502 104.5345 108.435 118.3008 170.5377 209.0546 225 229.3987 225 218.4181 220.2364 219.8056 217.875 225 229.7636 241.3895 257.4712 266.3086 265.3141 253.7398 232.3524 210.5297 197.7004 195.6422 198.435 210.1735 228.0128 240.3763 245.556 247.5206 248.7027 249.6769 250.821 250.71 250.71 256.2637 261.8699 261.8699 264.8056 278.1301
188.1301 212.8285 216.3268 209.5778 204.444 205.6652 205.6155 194.8265 179.1186 158.9625 137.6425 139.5378 180 223.7811 237.0115 243.7999 242.1759 234.6052 225.8952 218.6598 215.9605 215.5377 216.8699 190.3048 123.6901 105.7512 100.1755 103.6713 114.1455 124.3803 130.6013 151.6992 200.556 218.991 215.9097 210.0686 213.0239 221.3086 215.5377 208.0725 223.1524 234.211 244.29 256.373 261.1194 254.1975 237.7243 216.8699 201.0375 194.3493 199.2307 208.3008 225 240.5241 244.7468 245.0952 247.0362 249.3411 252.1497 254.3578 253.3008 254.9816 259.5923 256.6075 246.8014 258.6901 285.2551
201.2505 220.2364 217.4053 211.2392 207.9795 209.6499 207.8973 194.9816 178.4518 159.8424 142.5394 143.9149 200.2249 246.3179 261.1932 270 263.8845 245.0952 231.7098 226.1017 223.7546 222.0643 223.3153 203.1986 138.0128 110.556 100.7131 102.8043 116.565 135 139.0856 151.6992 192.9946 212.9052 206.565 203.6294 214.3803 220.3645 208.3008 203.9625 223.2101 235.4375 244.9831 251.0954 249.444 240.5241 225 202.8336 192.8043 198.435 212.4712 229.3987 246.4477 252.2996 247.3801 245.556 249.9439 255.3432 259.3803 260.3625 260.3112 260.3112 253.8866 236.6894 227.0454 250.821 278.9726
212.4712 220.6013 216.1193 213.1113 212.9052 209.7449 202.9887 191.3099 175.0608 159.9048 149.3003 157.249 248.9625 268.2643 276.4831 286.4769 296.0753 291.2505 265.8151 250.8664 242.4472 236.9761 232.3524 214.6952 154.6538 112.6199 100.7131 101.3099 111.2505 135 151.3895 171.0274 195.9454 203.1986 194.7436 201.3706 217.875 219.6442 205.4633 207.1213 226.6366 238.3245 245.6954 246.413 239.8586 229.1849 209.7449 189.0903 192.1715 213.0239 232.8533 246.8014 254.0546 253.8866 250.7693 253.4956 257.3807 260.2724 264.2072 266.8779 264.2894 256.3287 240.0685 214.8753 220.1009 247.4427 263.6598
195.6422 209.3578 216.8699 218.8845 214.3803 202.3801 194.0362 185.3322 173.5007 165.7627 173.991 239.0362 277.125 276.3402 276.4698 280.4375 289.179 297.4744 282.0948 263.991 248.9625 239.9314 234.7824 222.3974 176.9872 127.875 107.5256 102.1715 109.9831 135 164.0546 188.1301 202.3801 194.0362 180 195.2551 214.2157 215.9097 203.1986 214.0459 231.009 234.9262 237.9074 234.4623 226.0416 213.9063 194.2373 186.9112 207.4744 234.4623 246.1613 248.9625 249.9048 250.0169 250.7693 256.7014 259.992 262.304 266.1859 267.9546 259.992 242.6501 220.0303 197.4472 218.8298 240.4222 241.06
182.4895 210.9638 227.2026 227.3859 214.2157 197.354 188.5308 180 174.8056 187.5947 244.44 275.5275 286.5571 278.8068 271.2454 263.8298 253.8866 240.5241 240.5241 241.9275 237.9946 236.6894 232.8533 220.2364 189.4623 145.008 113.1986 102.6526 105.2551 123.6901 175.6013 203.1986 207.8973 194.0362 169.992 180 204.1455 207.2553 201.5014 219.0939 229.514 227.7263 227.3373 221.8779 214.2611 204.444 195.124 205.71 240.7512 256.2184 253.1786 244.6538 243.435 247.1095 249.3046 254.0546 256.7595 258.1113 257.55 253.393 241.9275 225 200.7722 181.4688 208.8557 227.6838 220.3645
215.5377 261.8699 261.2538 259.5085 262.875 225 173.6598 174.8056 213.6901 278.9726 287.4472 294.2278 300.1735 288.9966 271.5482 252.6995 234.4623 225 222.5105 225 228.9452 232.5947 226.9749 212.0054 190.008 163.8108 130.6013 111.3706 104.9314 115.56 171.3844 205.2011 205.71 189.4623 174.8056 171.0274 201.8014 210.2564 198.435 206.565 216.8699 220.0303 217.875 212.0054 207.1811 207.8241 218.7966 246.541 263.8534 263.6598 253.4429 242.7447 241.6992 242.9279 243.9246 248.5523 250.0169 247.3801 242.1759 232.9696 215.789 200.8545 182.4895 169.0772 191.9293 211.1593 201.8937
277.125 302.0054 294.444 284.5345 290.2249 0 26.56505 344.7449 325.6197 315 304.0459 299.0546 299.4759 292.6199 272.2906 242.8787 223.4089 221.9059 219.0939 216.2538 221.4237 223.3634 214.3803 199.2307 187.4314 177.2737 149.5345 123.3664 110.7723 114.1455 155.7722 204.0755 203.8387 185.7106 183.0128 187.5947 210.0686 212.0054 177.7094 190.1755 209.6237 214.5923 211.2392 207.646 213.4654 231.9811 251.565 264.3693 266.5318 259.5923 248.4986 240.2551 239.0362 238.2405 239.7436 242.1985 241.5873 237.9946 230.1022 217.0107 203.0089 193.1092 177.6467 163.7677 179.3839 196.2797 187.5394
267.8789 288.4349 296.5651 285.2551 270 300.9637 345.9637 336.3706 333.9704 332.354 316.7899 299.7449 290.8545 280.7131 260.8376 235.7843 227.2026 231.9112 228.8141 220.0303 220.6013 214.6952 200.4328 189.7824 186.7662 185.1944 165.9638 139.6355 121.293 112.9887 138.0128 195.9454 201.8014 189.6375 188.8418 200.2249 211.5043 193.5704 161.565 175.6013 203.4986 212.1957 210.6773 211.5514 229.6669 249.2744 257.8557 259.5625 255.5297 247.1095 240.0685 235.3048 236.3099 239.4703 240.5241 240.0184 239.9314 237.0115 225 207.646 197.1027 190.5392 176.7845 160.8444 169.2869 184.2679 179.2559
256.3287 273.8141 297.4744 315 310.9144 318.3665 329.0363 327.7244 329.9314 337.249 315 282.7244 261.3843 248.1986 236.8887 237.5288 248.9625 253.6105 244.179 225 211.6075 197.5256 188.7462 185.7106 186.3402 187.125 174.4725 154.6538 139.8645 124.6952 132.5105 184.3987 209.0546 217.875 235.6197 253.6105 233.1301 182.4895 149.0362 165.1414 194.7436 208.54 211.2637 215.3401 231.8817 241.2941 241.7826 239.9314 235.8855 231.789 231.7098 231.5819 234.4623 238.5704 238.2405 239.3814 240.5928 238.0919 228.0941 203.1986 185.7106 183.5323 173.9275 157.6199 160.9588 175.5328 174.2894
244.8552 258.1785 276.3402 308.2902 323.9726 317.2026 321.1155 322.4314 315 315 233.1301 221.8202 220.7636 225 225 234.8658 251.565 259.3803 244.44 214.992 198.435 181.7357 175.8151 180 185.1944 185.9061 173.6598 159.5377 150.0685 136.0416 133.5312 193.3925 264.8056 287.7839 315 338.9625 350.5377 90 102.7244 124.8753 180 203.4047 208.9092 214.1145 225.8952 229.514 226.4688 222.7688 218.746 217.9835 221.8202 223.5679 226.8476 232.5947 233.6156 235.1755 235.3048 233.8418 229.514 198.435 159.3046 166.7595 167.3998 153.178 152.6501 166.7236 169.4184
238.2405 242.5924 246.5014 251.565 264.2894 271.9749 278.1301 291.0375 251.565 158.1986 173.6598 192.9946 212.0054 223.2643 223.1524 226.9091 233.6156 230.7106 217.2348 202.6199 188.7462 170.8376 164.4759 171.4692 181.273 177.8789 167.0054 159.1791 154.44 148.0919 153.435 300.3791 304.3151 308.7742 328.5704 8.972627 51.34019 71.56505 70.34618 77.82854 113.9625 187.0013 205.0963 212.4712 218.1909 219.8718 216.3045 210.9638 208.4742 210.3791 213.8183 216.0694 219.5077 223.5679 226.5911 229.3987 230.1944 228.6522 222.4552 196.1134 146.3099 144.2461 155.2826 147.9946 144.6599 154.359 162.9795
234.0193 233.427 233.6525 232.9072 229.7636 236.7683 234.0903 211.7595 174.2894 158.1986 163.3008 182.7263 213.6901 225 223.2101 219.8056 216.0274 214.2157 210.5792 200.3764 183.5763 165.9638 159.444 163.6105 169.2157 164.0546 159.6236 159.7751 163.7059 181.7357 287.354 306.8699 304.6952 299.4759 326.3099 115.0169 130.9144 139.7636 110.556 80.53768 84.03551 126.1193 193.8407 212.125 214.6242 215.665 212.55 205.71 204.6559 208.3008 212.125 214.6952 216.0983 216.9953 219.2894 222.3974 226.273 225 218.6598 202.6199 149.4703 128.211 139.0856 144.4623 145.4375 150.7086 159.9048
231.8091 231.3402 230.2901 229.9697 228.3665 229.2364 220.6013 199.44 181.7357 169.5085 167.7352 180 206.565 220.6013 221.1859 214.0459 211.373 220.486 220.2364 202.8336 183.0128 170.5377 161.565 157.6199 153.9704 151.1134 154.1336 162.8241 206.565 289.29 302.5926 303.6901 292.5206 244.44 165.9638 142.4314 149.0362 157.3801 157.3801 119.0546 99.46232 103.4652 155.9245 208.5596 215.9097 216.9829 213.8571 203.0394 202.3801 208.1237 211.8836 213.7894 213.9965 213.6901 214.1145 215.9807 219.8056 220.4261 218.6598 208.0092 161.565 126.6743 126.4692 136.4688 146.5922 155.7256 162.2161
231.7662 230.1173 226.8476 225 222.6141 221.9872 216.573 199.6538 188.1301 177.8789 171.2538 175.9144 194.0362 210.9638 214.0459 211.866 221.1859 230.3558 219.6442 196.8214 182.4895 176.1859 168.1785 157.751 147.6804 142.9435 150.0685 270 305.789 306.0851 300.6773 285.7512 229.0856 197.1027 163.8108 147.9946 154.7989 161.565 160.8664 148.4957 135 123.3106 131.0995 195.5725 220.1696 222.5805 212.074 195.5928 197.354 205.9065 209.7976 212.2425 212.6309 211.2005 209.9696 210.5476 211.4521 212.3004 212.074 203.4047 176.0548 140.5722 127.3039 122.4712 132.2073 150.9454 161.565
229.2892 225.924 224.1575 224.0906 222.9174 222.6141 217.0928 199.44 185.1944 180 174.8056 171.3844 186.3402 205.9744 209.2914 211.373 221.8202 218.4802 200.556 188.1301 184.0856 178.9191 170.3625 159.6769 149.7436 144.4623 281.3099 302.7995 306.1582 296.5651 268.4518 213.1113 186.7098 181.4688 161.565 157.0362 161.565 164.1481 162.2996 155.7256 152.7447 150.1011 143.2971 173.4181 220.3893 226.5694 205.9423 186.4831 193.0791 202.9321 207.6067 211.2509 212.0054 209.7449 208.0725 208.0339 207.3289 207.2352 206.565 200.3764 184.9697 165.2564 158.1986 124.0459 111.2974 131.1859 153.0605
225 223.6028 225 226.7098 226.9415 226.1233 218.211 199.9831 184.1849 180 177.1376 172.6942 183.0128 201.8014 204.444 206.565 210.6507 202.2856 190.6197 188.3929 188.1301 178.9584 169.0772 164.1975 165.5792 225 293.1986 292.1664 284.0363 243.435 208.7398 184.1849 173.4181 168.9965 161.2001 161.8781 165.3987 165.2113 164.5923 160.4362 160.3129 167.4712 165.3432 166.5043 213.4654 225.7742 205.2777 176.9059 187.7652 200.8068 206.131 209.5778 209.5388 207.7766 207.7076 207.646 206.565 205.56 203.1986 197.3332 188.5691 183.3109 189.2461 168.6901 112.4794 109.9164 132.6141
225 225 227.7927 229.6107 228.5763 225 217.5686 201.1941 183.5035 178.8767 178.8767 178.7811 185.4403 195.9454 197.7004 199.7223 201.8014 196.8584 192.9946 195.4222 191.7251 177.7974 168.6901 177.1376 221.8202 275.5275 281.3099 255.2564 210.4655 190.8403 187.5238 173.6598 161.565 160.0576 160.292 163.0401 166.8275 166.7595 167.4712 165.3581 166.5514 180.7848 185.1944 175.6013 210.0686 228.9452 214.992 171.573 174.4725 197.1524 206.0754 208.1013 206.1616 205.821 206.565 205.416 204.1022 202.6938 199.7761 196.1519 193.0919 193.9457 198.9832 194.4524 153.8247 113.1986 113.1986
225 225 228.0128 230.0796 226.8476 222.2298 215.3625 198.435 181.9091 178.0909 181.9749 185.3893 188.1301 190.4077 192.1715 195.8025 199.0577 197.8189 199.0577 200.3231 192.5288 183.5035 181.6366 217.875 259.992 263.991 233.1301 192.8043 185.5275 184.2679 177.7094 165.3791 155.0952 154.3443 158.4287 162.4287 166.4641 167.9885 169.8245 169.0459 172.875 196.6992 205.9065 195.9454 210.9638 227.9357 216.5289 181.0809 161.565 187.5238 204.9285 206.301 203.7495 203.4429 202.8737 201.5226 200.4328 199.2744 197.8297 197.6365 197.8189 198.6495 200.4328 198.9144 185.371 151.9661 124.2611
225 225 225 227.4895 226.2454 225 217.4762 198.435 182.9108 180 186.5819 190.4077 189.4623 189.4623 190.4077 194.3003 199.0935 200.4328 203.1986 201.1941 193.4957 199.2307 222.5105 255.4655 258.0239 232.125 186.009 169.992 177.1844 178.4089 168.1785 157.6199 150.5928 150.3763 155.6589 160.5139 165.9638 171.3844 174.8056 172.875 184.3987 225 228.3665 206.565 206.565 216.8699 213.9965 201.8014 164.3578 160.2011 196.8214 204.3046 201.9296 199.5367 197.8189 197.3789 197.488 197.5433 197.7839 198.8609 199.6986 200.1258 199.6986 198.0198 192.5288 178.3634 158.3852
225 225 243.435 233.1301 232.4314 235.5392 228.9909 206.565 182.7263 182.6026 195.0184 198.435 195.2551 194.0362 191.9761 195.5241 203.5523 208.3008 208.3008 197.6501 195.4612 213.3664 233.1301 240.9454 232.7652 208.3008 168.0239 152.9279 163.1416 168.9436 162.9371 155.2249 150.732 151.3895 156.8014 162.8973 180 195.2551 185.1944 185.1944 206.565 231.3402 220.6013 200.2249 203.1986 205.71 209.0546 217.875 198.435 135 164.7449 197.5256 200.4328 197.3005 194.5889 194.4898 195.5241 197.3279 199.1955 199.8852 200.9849 201.1398 198.8774 196.5044 192.6002 185.0131 174.6107
243.435 251.565 251.565 243.435 237.5288 236.6894 232.125 220.9144 177.7094 178.0251 205.821 209.7449 203.7495 198.435 203.1986 212.0054 217.4053 219.5597 208.0725 187.3058 196.1134 216.2538 226.273 225 214.0459 205.0169 161.565 126.8699 138.4336 154.9037 158.1986 155.1363 154.8852 163.8866 174.4725 180 193.3925 194.7436 187.125 198.435 210.9638 206.565 205.0169 200.556 202.3801 193.3925 198.435 218.2902 214.8753 155.556 140.7106 180 200.3764 201.2505 196.5571 195.0184 195.6422 199.4861 202.8645 201.8014 201.6309 201.0375 198.189 195.124 190.4653 185.1944 178.2851
