defaults/ash_aspect.asc
ncols         382
nrows         266
xllcorner     157819.328125
yllcorner     384678.625
cellsize      30
NODATA_value  -9999
[rows 90 to 119 of 266, columns 67 to 133 of 382]
248.1986 258.6901 260.5377 266.9872 267.5104 261.8699 255.2564 253.3008 257.7352 263.6598 270 277.125 276.3402 255.9638 233.1301 225 225 225 234.4623 236.3099 225 225 225 206.565 203.1986 210.9638 180 191.3099 180 191.3099 206.565 180 168.6901 171.8699 180 171.8699 180 198.435 210.9638 225 225 161.565 108.435 -1 -1 -1 -1 -1 -1 -1 -1 -1 -1 -1 -1 -1 -1 -1 -1 -1 -1 -1 -1 135 161.565 180 180
244.9831 260.5377 270 270 267.2737 264.2894 266.9872 270 270 270 270 270 270 258.6901 239.0362 234.4623 225 225 225 225 225 225 225 206.565 206.565 206.565 180 180 180 203.1986 210.9638 180 153.435 153.435 180 180 180 206.565 225 225 225 198.435 135 -1 -1 -1 -1 -1 -1 -1 -1 -1 -1 -1 -1 -1 -1 -1 -1 -1 -1 135 161.565 153.435 153.435 180 180
249.7751 255.9638 265.6013 270 270 270 270 270 267.5104 261.2538 255.4655 247.6199 240.9454 239.0362 243.435 225 215.5377 232.125 240.9454 234.4623 225 225 225 203.1986 206.565 206.565 180 180 180 206.565 206.565 180 171.8699 168.6901 180 180 180 206.565 225 225 239.0362 251.565 -1 -1 -1 -1 -1 -1 -1 -1 -1 -1 -1 -1 -1 -1 -1 -1 -1 -1 135 135 153.435 161.565 135 -1 315
248.1986 253.3008 262.875 266.9872 264.2894 264.2894 264.2894 264.2894 258.6901 250.0169 246.2505 239.9314 230.7106 225 213.6901 198.435 225 248.1986 248.1986 236.3099 225 225 213.6901 198.435 213.6901 203.1986 180 180 188.1301 213.6901 203.1986 180 180 180 180 180 188.1301 210.9638 225 239.0362 251.565 225 198.435 225 -1 -1 -1 -1 -1 -1 -1 -1 -1 -1 -1 -1 -1 -1 135 161.565 149.0362 149.0362 180 -1 -1 -1 288.4349
242.354 251.565 258.6901 263.6598 264.2894 264.2894 264.2894 264.2894 259.992 255.2564 253.0725 248.1986 236.3099 225 206.565 203.1986 234.4623 233.1301 225 225 225 225 213.6901 210.9638 210.9638 188.1301 188.1301 191.3099 206.565 225 206.565 180 180 180 180 180 206.565 210.9638 213.6901 234.4623 225 198.435 210.9638 206.565 180 180 180 198.435 225 -1 -1 -1 -1 -1 135 161.565 180 180 153.435 149.0362 146.3099 168.6901 206.565 198.435 225 -1 281.3099
244.44 251.565 253.0725 258.6901 264.2894 264.2894 267.2737 270 270 266.6335 258.6901 249.7751 236.3099 225 206.565 206.565 232.125 234.4623 243.435 248.1986 246.8014 243.435 225 210.9638 188.1301 188.1301 210.9638 206.565 206.565 225 206.565 180 180 180 180 180 191.3099 188.1301 206.565 225 206.565 194.0362 198.435 191.3099 186.3402 180 180 203.1986 210.9638 198.435 225 -1 135 161.565 153.435 149.0362 171.8699 180 171.8699 144.4623 153.435 188.1301 198.435 225 251.565 315 288.4349
255.9638 255.4655 251.565 253.0725 253.3008 253.3008 257.7352 261.8699 266.6335 266.1859 255.9638 247.6199 241.6992 240.9454 239.0362 258.6901 270 276.3402 284.0363 276.3402 261.8699 225 206.565 206.565 180 206.565 210.9638 188.1301 203.1986 213.6901 188.1301 180 180 180 180 180 180 188.1301 213.6901 225 206.565 186.3402 185.1944 195.2551 198.435 180 180 206.565 206.565 203.1986 210.9638 180 149.0362 156.8014 165.9638 153.435 161.565 174.8056 175.6013 154.9831 168.6901 198.435 215.5377 255.9638 281.3099 315 296.5651
253.0725 250.2011 250.2011 251.565 248.1986 244.6538 244.44 247.3801 253.3008 248.9625 246.8014 253.6105 258.6901 270 296.5651 315 296.5651 276.3402 270 261.8699 239.0362 206.565 206.565 206.565 198.435 225 198.435 180 210.9638 213.6901 191.3099 180 180 180 180 180 180 206.565 210.9638 215.5377 206.565 180 180 198.435 201.8014 186.3402 180 198.435 195.2551 198.435 204.444 180 158.1986 158.1986 164.7449 161.565 158.9625 165.9638 166.6075 161.565 182.7263 210.9638 230.7106 251.565 270 296.5651 315
246.8014 247.3801 251.565 251.565 248.1986 242.1027 242.354 245.2249 244.44 235.3048 244.9831 258.6901 270 281.3099 291.8014 300.9637 281.3099 261.8699 246.8014 236.3099 225 206.565 206.565 206.565 206.565 206.565 180 180 206.565 225 206.565 180 180 180 180 180 180 191.3099 188.1301 206.565 206.565 180 180 186.3402 195.2551 189.4623 180 184.3987 188.1301 201.0375 206.565 180 161.565 161.565 161.565 161.565 153.435 150.2551 149.9314 158.6294 192.2648 218.2902 232.5947 243.435 239.0362 213.6901 191.3099
239.9314 243.435 246.8014 243.435 239.0362 233.1301 242.354 248.9625 244.44 233.7462 242.1027 253.0725 259.6952 266.6335 263.6598 243.435 258.6901 258.6901 239.0362 236.3099 225 206.565 206.565 206.565 191.3099 198.435 191.3099 180 225 243.435 198.435 180 180 168.6901 171.8699 180 180 180 180 206.565 206.565 180 180 180 186.3402 185.1944 180 180 189.4623 206.565 201.0375 180 167.0054 164.7449 158.1986 155.556 155.556 135 119.7449 129.8056 195.9454 228.3665 231.3402 231.7098 220.2364 198.435 189.4623
237.0948 240.5241 243.435 239.7436 231.7098 225 233.9726 240.9454 243.435 246.0375 255.2564 257.7352 250.0169 240.9454 231.3402 236.3099 251.565 225 225 236.3099 225 206.565 206.565 206.565 180 206.565 206.565 180 225 225 180 180 180 153.435 153.435 180 180 180 168.6901 203.1986 206.565 180 180 180 173.6598 174.8056 180 180 184.3987 198.435 194.0362 180 176.1859 175.6013 164.7449 149.0362 155.556 149.0362 114.444 98.1301 180 239.0362 228.5763 228.0128 221.1859 201.0375 189.4623
246.0375 254.7449 252.8973 241.3895 232.125 232.5947 238.2405 243.435 251.565 265.2364 275.7106 266.9872 247.6199 237.0948 229.7636 231.3402 225 198.435 225 236.3099 210.9638 198.435 210.9638 206.565 180 206.565 206.565 180 225 225 180 168.6901 171.8699 171.8699 168.6901 180 180 180 153.435 191.3099 203.1986 180 180 173.6598 164.7449 167.0054 176.1859 180 180 190.008 192.5288 187.125 184.3987 180 170.5377 155.556 149.0362 155.556 149.0362 114.444 135 248.1986 241.6992 240.9454 229.0856 213.6901 198.435
250.0169 257.7352 251.565 232.5947 231.7098 239.0362 246.8014 254.0546 258.6901 264.4725 270 257.0054 241.6992 243.435 235.3048 225 212.4712 215.5377 255.9638 258.6901 198.435 206.565 225 206.565 180 206.565 206.565 198.435 243.435 225 180 149.0362 156.8014 180 180 180 180 180 171.8699 180 188.1301 180 180 161.565 158.1986 161.565 161.565 170.5377 176.1859 187.125 198.435 206.565 191.3099 174.8056 170.5377 164.7449 150.9454 142.125 158.1986 144.4623 180 270 264.8056 254.0546 241.6992 225 201.8014
251.565 248.6294 233.1301 216.8699 225 235.7843 246.2505 256.4296 260.5377 258.0239 248.1986 231.3402 236.3099 239.0362 230.1944 225 225 239.0362 248.1986 225 198.435 225 225 206.565 180 191.3099 198.435 210.9638 225 206.565 168.6901 146.3099 146.3099 171.8699 180 180 180 180 188.1301 180 171.8699 180 180 153.435 153.435 171.8699 146.3099 144.4623 171.8699 210.9638 236.3099 234.4623 180 164.7449 174.8056 173.6598 153.435 135 149.0362 161.565 251.565 270 263.6598 254.7449 245.556 216.8699 201.8014
248.6294 239.0362 220.9144 212.0054 228.3665 244.9831 255.9638 264.4725 263.2902 255.0686 243.435 230.7106 230.7106 229.7636 225 225 236.3099 243.435 232.125 206.565 203.1986 225 198.435 180 180 188.1301 210.9638 225 225 206.565 153.435 135 135 149.0362 171.8699 180 188.1301 191.3099 206.565 180 149.0362 171.8699 180 156.8014 146.3099 171.8699 156.8014 135 270 296.5651 281.3099 258.6901 135 135 171.8699 180 156.8014 135 135 -1 270 261.8699 246.8014 240.9454 232.125 215.5377 213.6901
256.6075 243.435 230.1944 230.7106 249.7751 261.3843 265.3645 264.4725 256.4296 247.8336 242.354 235.3048 225 230.1944 230.1944 230.1944 234.4623 225 213.6901 204.444 209.0546 225 191.3099 149.0362 180 210.9638 225 225 225 206.565 153.435 135 135 135 156.8014 188.1301 210.9638 206.565 206.565 180 135 149.0362 171.8699 171.8699 149.0362 153.435 161.565 135 270 270 270 270 90 98.1301 135 171.8699 171.8699 168.6901 180 198.435 243.435 239.0362 236.3099 243.435 243.435 236.3099 210.9638
261.0274 254.0546 257.0054 260.5377 264.2894 266.6335 265.3645 262.4054 255.9638 247.3801 241.3895 233.7462 231.3402 237.5288 225 225 225 210.9638 210.9638 213.6901 217.875 225 203.1986 149.0362 180 225 239.0362 243.435 225 206.565 153.435 135 135 135 149.0362 206.565 210.9638 188.1301 203.1986 191.3099 135 135 149.0362 171.8699 171.8699 168.6901 180 198.435 258.6901 270 270 251.565 120.9638 116.565 123.6901 153.435 180 180 180 225 243.435 243.435 261.8699 270 261.8699 225 188.1301
249.444 244.9831 251.565 257.0054 267.2737 268.2643 263.2902 256.4296 246.8014 242.354 238.2405 232.5947 234.4623 225 212.4712 220.2364 220.6013 214.6952 219.8056 219.8056 219.2894 218.6598 201.8014 180 191.3099 239.0362 261.8699 270 225 198.435 161.565 116.565 113.1986 123.6901 153.435 191.3099 188.1301 180 206.565 203.1986 149.0362 135 135 149.0362 171.8699 180 188.1301 225 251.565 243.435 243.435 180 135 125.5377 123.6901 153.435 180 180 180 225 239.0362 258.6901 270 270 258.6901 198.435 168.6901
248.9625 244.9831 247.6199 255.9638 264.8056 264.4725 258.6901 246.2505 235.008 235.008 231.7098 228.3665 221.4237 203.9625 206.565 220.2364 225 225 225 219.2894 219.8056 213.6901 204.444 206.565 225 261.8699 261.8699 243.435 225 -1 135 116.565 98.1301 98.1301 135 180 168.6901 171.8699 206.565 206.565 171.8699 146.3099 146.3099 149.0362 153.435 180 206.565 236.3099 225 213.6901 213.6901 156.8014 144.4623 135 123.6901 153.435 180 180 180 225 246.8014 261.8699 270 261.8699 225 180 153.435
231.3402 229.7636 243.435 256.6075 264.8056 261.8699 252.8973 242.354 239.0362 239.0362 232.5947 225 214.3803 205.3462 216.8699 229.3987 230.1944 225 225 225 225 218.6598 217.875 225 234.4623 243.435 236.3099 225 206.565 180 153.435 135 120.9638 98.1301 101.3099 161.565 153.435 153.435 210.9638 203.1986 180 156.8014 146.3099 161.565 168.6901 180 191.3099 215.5377 206.565 206.565 206.565 153.435 153.435 156.8014 135 153.435 180 180 198.435 258.6901 270 270 270 258.6901 198.435 180 153.435
200.556 210.0686 235.7843 252.7585 262.5686 257.7352 245.556 239.0362 239.0362 239.0362 229.0856 220.9144 216.8699 216.2538 229.0856 237.0948 240.2551 239.0362 237.5288 231.3402 225 217.875 212.4712 219.2894 225 232.125 234.4623 210.9638 198.435 180 161.565 146.3099 146.3099 135 123.6901 149.0362 161.565 168.6901 191.3099 188.1301 180 171.8699 149.0362 149.0362 171.8699 180 180 206.565 206.565 206.565 206.565 153.435 153.435 171.8699 146.3099 156.8014 180 188.1301 225 261.8699 270 270 261.8699 225 180 180 153.435
196.3895 212.0054 242.6501 251.565 250.2011 244.6538 239.9314 239.0362 239.0362 235.6197 220.9144 212.9052 213.6901 217.4053 228.5763 239.0362 246.0375 245.556 240.9454 232.125 217.875 204.444 201.0375 215.5377 220.2364 225 225 194.0362 203.1986 191.3099 149.0362 144.4623 153.435 153.435 144.4623 146.3099 156.8014 180 180 180 180 180 171.8699 149.0362 149.0362 171.8699 180 198.435 201.8014 209.0546 198.435 158.1986 161.565 180 156.8014 149.0362 180 206.565 236.3099 251.565 263.6598 261.8699 225 188.1301 173.6598 180 180
212.4712 230.7106 250.3462 248.7495 240.9454 235.6197 236.3099 235.6197 231.7098 225 213.6901 209.0546 213.6901 221.4237 231.7098 240.5241 242.354 240.2551 233.1301 225 209.0546 195.2551 198.435 209.7449 212.9052 217.4053 216.2538 192.9946 204.444 198.435 153.435 143.1301 153.435 153.435 153.435 156.8014 146.3099 171.8699 188.1301 191.3099 168.6901 171.8699 180 171.8699 146.3099 156.8014 180 186.3402 201.8014 217.875 194.0362 153.435 165.9638 180 171.8699 168.6901 180 191.3099 215.5377 231.3402 237.5288 215.5377 180 180 170.5377 180 189.4623
225 241.6992 251.565 247.249 240.2551 231.3402 228.3665 225 221.8202 218.6598 214.3803 216.8699 225 237.0948 243.435 241.3895 237.5288 239.9314 232.125 215.5377 206.565 186.3402 195.2551 195.9454 203.9625 211.7595 208.6105 200.2249 209.7449 198.435 164.7449 150.9454 153.435 153.435 153.435 171.8699 146.3099 156.8014 203.1986 210.9638 149.0362 156.8014 180 180 156.8014 149.0362 180 180 225 234.4623 198.435 146.3099 156.8014 180 180 180 180 180 198.435 219.2894 220.2364 191.3099 172.875 180 176.1859 180 180
236.3099 251.565 253.3008 246.2505 240.9454 231.3402 225 221.6335 221.6335 225 228.8141 233.7462 239.0362 246.0375 244.6538 236.3099 234.4623 233.9726 220.6013 204.444 195.2551 180 184.3987 183.8141 192.5288 204.444 212.4712 217.4053 215.5377 201.0375 180 153.435 153.435 156.8014 146.3099 171.8699 156.8014 149.0362 210.9638 203.1986 153.435 153.435 180 180 171.8699 168.6901 180 180 225 225 188.1301 156.8014 146.3099 171.8699 180 180 180 180 186.3402 212.4712 209.7449 183.3665 176.6335 180 180 180 169.992
234.4623 237.9946 237.0948 235.008 233.1301 227.8624 225 228.5763 232.5947 236.3099 236.3099 233.1301 233.1301 232.5947 228.5763 225 228.1798 227.8624 218.2902 202.3801 187.125 180 183.8141 189.4623 191.3099 218.6598 242.1027 239.0362 219.2894 206.565 189.4623 164.7449 161.565 171.8699 149.0362 153.435 153.435 153.435 191.3099 180 158.1986 161.565 180 173.6598 174.8056 185.1944 186.3402 180 206.565 206.565 180 171.8699 149.0362 149.0362 171.8699 180 173.6598 174.8056 180 191.3099 194.7436 186.3402 180 180 180 180 165.9638
229.3987 233.1301 233.1301 232.5947 231.3402 230.7106 228.1798 231.7098 239.0362 240.9454 233.1301 221.1859 218.2902 221.8202 225 225 225 228.0128 221.6335 203.9625 194.0362 189.4623 198.435 225 258.6901 284.0363 270 257.0054 234.4623 215.5377 194.0362 171.8699 168.6901 168.6901 161.565 168.6901 153.435 149.0362 171.8699 165.9638 153.435 165.9638 173.6598 164.7449 170.5377 195.2551 198.435 180 206.565 206.565 180 180 171.8699 149.0362 149.0362 171.8699 165.9638 158.1986 171.8699 176.6335 192.5288 200.556 184.3987 180 175.6013 176.1859 165.9638
229.0856 233.1301 233.1301 233.1301 232.5947 234.4623 231.3402 231.3402 233.9726 228.3665 217.4053 210.0686 211.7595 219.2894 225 228.3665 236.3099 239.9314 225 210.9638 213.6901 225 251.565 276.3402 291.8014 305.5377 275.1944 254.7449 225 213.6901 210.9638 180 180 153.435 153.435 180 153.435 135 153.435 153.435 135 153.435 164.7449 164.7449 180 213.6901 203.1986 180 206.565 215.5377 191.3099 180 168.6901 161.565 149.0362 149.0362 161.565 135 143.1301 168.6901 209.0546 225 194.0362 180 161.565 164.7449 161.565
232.5947 233.1301 233.1301 229.0856 228.8141 235.008 231.7098 228.1798 227.8624 221.9872 210.9638 206.565 210.9638 218.991 225 230.4403 240.5241 240.9454 225 219.8056 225 236.3099 260.5377 288.4349 291.8014 281.3099 251.565 233.1301 215.5377 213.6901 203.1986 180 180 171.8699 168.6901 180 153.435 135 153.435 149.0362 135 135 144.4623 171.8699 210.9638 210.9638 198.435 191.3099 225 236.3099 206.565 180 153.435 149.0362 161.565 149.0362 149.0362 135 126.8699 156.8014 225 233.1301 188.1301 180 153.435 150.9454 158.1986
235.6197 233.1301 233.1301 229.3987 233.1301 235.6197 228.5763 225 228.0128 228.1798 216.8699 207.8973 210.0686 215.5377 225 234.4623 240.2551 235.6197 219.8056 219.8056 229.7636 239.0362 251.565 258.6901 246.8014 225 225 236.3099 236.3099 210.9638 188.1301 180 180 180 180 180 171.8699 149.0362 149.0362 146.3099 135 123.6901 123.6901 180 210.9638 198.435 210.9638 206.565 225 225 188.1301 180 171.8699 149.0362 153.435 161.565 116.565 113.1986 116.565 135 246.8014 225 180 173.6598 158.1986 149.0362 155.556
