defaults/ash_slope.asc
ncols         382
nrows         266
xllcorner     157819.328125
yllcorner     384678.625
cellsize      30
NODATA_value  -9999
[rows 0 to 28 of 266, columns 264 to 329 of 382]
-9999 -9999 -9999 -9999 -9999 -9999 -9999 -9999 -9999 -9999 -9999 -9999 -9999 -9999 -9999 -9999 -9999 -9999 -9999 -9999 9.719868 12.44221 7.43155 -9999 -9999 -9999 4.972358 -9999 -9999 -9999 -9999 -9999 -9999 -9999 -9999 -9999 -9999 -9999 -9999 -9999 -9999 -9999 -9999 -9999 -9999 -9999 -9999 -9999 -9999 -9999 -9999 -9999 -9999 -9999 -9999 -9999 -9999 -9999 -9999 -9999 -9999 -9999 -9999 -9999 -9999 -9999
-9999 -9999 -9999 -9999 -9999 -9999 -9999 -9999 -9999 -9999 -9999 -9999 -9999 -9999 -9999 -9999 -9999 -9999 -9999 11.17514 17.67649 20.60017 19.49371 17.27405 12.64667 13.51969 14.1999 12.64667 -9999 -9999 -9999 -9999 -9999 -9999 -9999 -9999 -9999 -9999 -9999 -9999 -9999 -9999 -9999 -9999 -9999 -9999 -9999 -9999 -9999 -9999 -9999 -9999 -9999 -9999 -9999 -9999 -9999 -9999 -9999 -9999 -9999 -9999 -9999 -9999 -9999 -9999
-9999 -9999 -9999 -9999 -9999 -9999 -9999 -9999 -9999 -9999 -9999 -9999 -9999 -9999 -9999 -9999 -9999 -9999 -9999 14.66391 25.13548 25.25493 25.68386 25.58952 24.97834 24.84267 25.28251 22.31173 18.70368 12.52359 -9999 -9999 -9999 -9999 -9999 -9999 -9999 -9999 -9999 -9999 -9999 -9999 -9999 -9999 -9999 -9999 -9999 -9999 -9999 -9999 -9999 -9999 -9999 -9999 -9999 -9999 -9999 -9999 -9999 -9999 -9999 -9999 -9999 -9999 -9999 -9999
-9999 -9999 -9999 -9999 -9999 -9999 -9999 -9999 -9999 -9999 -9999 -9999 -9999 -9999 -9999 -9999 -9999 -9999 -9999 15.9131 26.62383 26.69346 26.87406 26.1165 25.45378 26.38099 27.62504 29.37454 30.41975 26.37455 -9999 -9999 -9999 -9999 -9999 -9999 -9999 -9999 -9999 -9999 -9999 -9999 -9999 -9999 -9999 -9999 -9999 -9999 -9999 -9999 -9999 -9999 -9999 -9999 -9999 -9999 -9999 -9999 -9999 -9999 -9999 -9999 -9999 -9999 -9999 -9999
-9999 -9999 -9999 -9999 -9999 -9999 -9999 -9999 -9999 -9999 -9999 -9999 -9999 -9999 -9999 -9999 -9999 -9999 13.61706 20.68572 27.31933 27.80459 28.05069 27.2401 26.47728 27.72619 29.50819 30.68098 31.36954 27.14206 19.95345 -9999 -9999 -9999 -9999 -9999 -9999 -9999 -9999 -9999 -9999 -9999 -9999 -9999 -9999 -9999 -9999 -9999 -9999 -9999 -9999 -9999 -9999 -9999 -9999 -9999 -9999 -9999 -9999 -9999 -9999 -9999 -9999 -9999 -9999 -9999
-9999 -9999 -9999 -9999 -9999 -9999 -9999 -9999 -9999 -9999 -9999 -9999 -9999 -9999 -9999 -9999 -9999 15.48341 20.10758 25.03089 26.37616 27.44652 29.12166 27.00628 24.10411 25.8925 28.83577 30.5615 31.43483 31.37073 26.79421 17.86786 -9999 -9999 -9999 -9999 -9999 -9999 -9999 -9999 -9999 -9999 -9999 -9999 -9999 -9999 -9999 -9999 -9999 -9999 -9999 -9999 -9999 -9999 -9999 -9999 -9999 -9999 -9999 -9999 -9999 -9999 -9999 -9999 -9999 -9999
-9999 -9999 -9999 -9999 -9999 -9999 -9999 -9999 -9999 -9999 -9999 -9999 -9999 -9999 -9999 -9999 -9999 22.60562 26.95818 24.7005 25.35295 26.97527 30.44493 28.40028 24.43413 26.28413 29.04928 30.70947 30.96619 31.71209 31.0088 26.00983 18.48321 -9999 -9999 -9999 -9999 -9999 -9999 -9999 -9999 -9999 -9999 -9999 -9999 -9999 -9999 -9999 -9999 -9999 -9999 -9999 -9999 -9999 -9999 -9999 -9999 -9999 -9999 -9999 -9999 -9999 -9999 -9999 -9999 -9999
-9999 -9999 -9999 -9999 -9999 -9999 -9999 -9999 -9999 -9999 -9999 -9999 -9999 -9999 -9999 -9999 10.39935 19.41359 24.84798 24.9836 26.3407 27.88704 31.4372 30.41471 27.44049 28.99445 28.79968 30.91003 30.76385 30.61886 30.47509 29.44551 24.02984 16.60461 8.300484 -9999 -9999 -9999 -9999 -9999 -9999 -9999 -9999 -9999 -9999 -9999 -9999 -9999 -9999 -9999 -9999 -9999 -9999 -9999 -9999 -9999 -9999 -9999 -9999 -9999 -9999 -9999 -9999 -9999 -9999 -9999
-9999 -9999 -9999 -9999 -9999 -9999 -9999 -9999 -9999 -9999 -9999 -9999 -9999 -9999 -9999 16.03195 20.11955 22.83201 23.76714 26.4276 28.14782 29.76314 31.73072 30.61886 28.45854 29.42144 24.65045 26.08867 28.48547 28.19401 27.54427 26.43723 24.93266 21.82283 14.5997 7.832626 4.43182 -9999 -9999 -9999 -9999 -9999 -9999 -9999 -9999 -9999 -9999 -9999 -9999 -9999 -9999 -9999 -9999 -9999 -9999 -9999 -9999 -9999 -9999 -9999 -9999 -9999 -9999 -9999 -9999 -9999
-9999 -9999 -9999 -9999 -9999 -9999 -9999 -9999 -9999 -9999 -9999 -9999 -9999 -9999 16.15608 24.41234 28.72867 25.9554 27.05733 29.16929 29.92229 30.41093 30.76385 30.16074 29.50287 29.16929 24.12632 21.60291 25.20657 25.92398 25.65023 25.25666 24.2608 22.25978 19.40354 17.14217 12.13706 7.36374 6.063765 6.091478 -9999 -9999 -9999 -9999 -9999 -9999 -9999 -9999 -9999 -9999 -9999 -9999 -9999 -9999 -9999 -9999 -9999 -9999 -9999 -9999 -9999 -9999 -9999 -9999 -9999 -9999
-9999 -9999 -9999 -9999 -9999 -9999 -9999 -9999 -9999 -9999 -9999 -9999 -9999 19.97522 25.9983 31.64321 29.85725 28.95733 29.67244 29.72114 29.12166 29.17879 30.02582 30.51397 29.5441 27.59069 25.02564 22.75153 25.67042 27.85764 27.59069 27.44049 27.20493 26.77066 26.19484 25.52688 23.21859 19.58333 16.91951 13.31454 9.577706 5.479269 -9999 -9999 -9999 -9999 -9999 -9999 -9999 -9999 -9999 -9999 -9999 -9999 -9999 -9999 -9999 -9999 -9999 -9999 -9999 -9999 -9999 -9999 -9999 -9999
-9999 -9999 -9999 -9999 -9999 -9999 -9999 -9999 -9999 -9999 -9999 11.98121 16.78717 24.83736 31.29444 30.5052 30.71937 31.31593 30.51397 28.82467 28.35609 29.46688 30.61014 29.77231 26.87562 25.34952 26.7628 27.09743 27.60264 30.20547 29.908 29.19508 28.96696 28.88422 29.21948 29.4602 28.64613 26.96284 25.01864 23.32204 19.80015 12.75587 5.269658 -9999 -9999 -9999 -9999 -9999 -9999 -9999 -9999 -9999 -9999 -9999 -9999 -9999 -9999 -9999 -9999 -9999 -9999 -9999 -9999 -9999 -9999 -9999
-9999 -9999 -9999 -9999 -9999 -9999 -9999 -9999 -9999 -9999 10.55538 18.19663 25.2394 26.49487 27.88704 30.16074 32.1535 31.83859 30.37434 29.8859 30.55151 30.71071 29.17879 26.12141 23.84452 25.30144 29.46688 30.00646 26.62859 28.85101 29.65002 29.078 28.54343 28.0041 28.31035 28.73564 28.783 28.3032 27.47214 26.91773 26.02793 21.70248 15.38298 -9999 -9999 -9999 -9999 -9999 -9999 -9999 -9999 -9999 -9999 -9999 -9999 -9999 -9999 -9999 -9999 -9999 -9999 -9999 -9999 -9999 -9999 -9999
-9999 -9999 -9999 -9999 -9999 -9999 -9999 6.926249 6.671227 8.246893 19.44369 26.31648 26.21111 26.069 28.7454 31.55876 32.32277 31.76443 31.93082 32.13647 31.20218 29.01092 25.94383 23.7501 24.45046 27.68015 30.9357 30.38444 25.41967 27.14359 30.10305 29.8976 29.40269 28.73564 28.22281 27.38759 26.72344 26.81931 26.91773 27.16662 27.90905 27.47214 22.2785 16.65659 -9999 -9999 -9999 -9999 -9999 -9999 -9999 -9999 -9999 -9999 -9999 -9999 -9999 -9999 -9999 -9999 -9999 -9999 -9999 -9999 -9999 -9999
-9999 -9999 -9999 -9999 -9999 9.444884 12.94652 14.97661 11.40514 16.13388 27.54877 31.03431 29.75527 29.50819 31.50223 32.00767 32.03054 33.31602 33.51247 31.51166 28.64473 26.45166 25.60303 25.65023 27.09743 29.50154 30.31993 29.68693 27.26604 27.37245 31.11181 31.17933 30.2628 29.20593 28.14927 27.05733 26.02793 26.06408 26.66818 26.91773 27.26604 28.0376 27.31933 23.04728 18.15834 -9999 -9999 -9999 -9999 -9999 -9999 -9999 -9999 -9999 -9999 -9999 -9999 -9999 -9999 -9999 -9999 -9999 -9999 -9999 -9999 -9999
-9999 -9999 -9999 16.31666 19.85873 23.88589 25.06757 25.04837 23.18133 26.3665 32.48252 34.26751 32.27217 31.01852 30.78974 31.02702 32.95055 33.91678 31.2789 28.14927 27.41482 28.1015 28.49255 28.46988 29.07663 29.58125 28.98346 29.60376 30.52023 27.92371 31.00758 31.97675 30.58023 29.39466 28.89942 28.6335 28.1015 27.47214 27.01867 27.12207 27.91198 28.86209 29.20729 27.74693 25.88421 14.4522 -9999 -9999 -9999 -9999 -9999 -9999 -9999 -9999 -9999 -9999 -9999 -9999 -9999 -9999 -9999 -9999 -9999 -9999 -9999 -9999
15.05617 18.56861 22.71114 29.20729 31.05736 30.41975 30.85613 30.58522 28.05069 29.02189 33.4497 33.92798 30.54025 28.81218 28.6335 31.03431 33.13217 31.51991 28.79134 28.06232 29.61435 30.49015 29.66585 28.82883 28.57867 28.48122 28.49821 29.7841 31.91242 27.68015 29.28843 32.96567 32.3396 30.43109 28.37891 27.13591 26.91773 27.3679 27.7158 27.91198 28.28027 28.93391 29.77231 30.02582 28.783 26.02299 -9999 -9999 -9999 -9999 -9999 -9999 -9999 -9999 -9999 -9999 -9999 -9999 -9999 -9999 -9999 -9999 -9999 -9999 -9999 -9999
26.49647 33.52082 35.31869 35.88716 35.10228 33.28535 32.22593 31.54465 29.55074 29.76314 32.12739 30.52023 26.93019 26.83184 27.74545 30.73298 31.39806 29.62625 29.50154 30.04388 30.19781 28.44293 26.84905 26.56823 26.46448 26.95818 27.74693 30.01679 32.1535 28.5533 27.35122 33.55939 34.34312 32.67705 29.72114 26.64919 24.89919 25.04837 26.60479 27.67569 27.82082 27.6861 27.83998 27.84439 26.81931 23.69128 11.49947 -9999 -9999 -9999 -9999 -9999 -9999 -9999 -9999 -9999 -9999 -9999 -9999 -9999 -9999 -9999 -9999 -9999 -9999 -9999
35.31121 36.19197 37.69449 38.33269 37.89233 36.6382 35.02251 33.39825 32.18975 31.44549 30.55151 27.50524 25.5167 25.9554 27.37245 29.46554 29.85464 30.65367 30.62135 28.72308 26.60479 25.06757 25.41113 26.06408 26.70767 27.4872 28.66575 31.74701 32.24963 30.01679 27.31933 33.37405 36.36372 35.71205 33.42032 29.57329 26.72344 25.62328 25.9983 26.86312 27.72322 27.6861 27.09898 26.22574 24.03728 20.48845 16.72659 -9999 -9999 -9999 -9999 -9999 -9999 -9999 -9999 -9999 -9999 -9999 -9999 -9999 -9999 -9999 -9999 -9999 -9999 -9999
37.24572 36.03001 34.47262 33.89537 34.42233 35.75578 36.85801 36.52845 35.35883 33.34453 30.888 28.05505 26.33748 25.78935 27.17736 27.7499 28.73564 31.37073 30.2628 27.05733 25.5167 25.85099 27.16662 28.54343 29.64078 30.01292 30.80944 32.03054 30.75892 30.25898 27.80459 31.11181 36.83591 37.58368 36.87075 33.49261 29.64078 27.92371 27.72322 27.63101 27.63101 27.54427 27.16662 26.41957 24.79838 22.84806 19.6946 13.51969 -9999 -9999 -9999 -9999 -9999 -9999 -9999 -9999 -9999 -9999 -9999 -9999 -9999 -9999 -9999 -9999 -9999 -9999
35.51472 32.42126 29.99224 30.00646 31.55406 33.20468 34.41047 34.52963 33.84735 32.5225 30.88678 29.07663 27.38759 26.38099 26.61907 26.16061 27.38759 30.21695 30.10947 28.40028 27.09743 26.95041 28.0041 29.78802 30.29837 29.78802 29.94045 29.62889 28.98346 30.54025 28.22281 26.49647 33.14499 35.3579 37.62664 37.30034 34.28346 31.45969 29.81418 28.79968 28.2185 27.63101 26.72344 26.35038 25.90411 24.96956 22.42542 17.60548 11.03853 -9999 -9999 -9999 -9999 -9999 -9999 -9999 -9999 -9999 -9999 -9999 -9999 -9999 -9999 -9999 -9999 -9999
34.37881 32.31715 30.83772 31.0088 32.53027 33.59268 32.84648 31.44075 30.05161 28.46847 26.93175 26.02299 25.9157 26.05423 25.92398 25.53028 25.9983 28.3032 30.56899 30.10305 27.72619 26.6476 27.16662 28.25875 28.80107 28.82883 28.65033 28.05069 29.0164 31.53052 28.31751 23.27723 29.24926 30.71071 33.51247 35.71296 35.25782 33.27264 31.34216 29.908 28.89113 28.17959 27.12976 26.06408 24.89919 23.57681 22.07342 19.33555 14.85106 8.984877 3.931096 -9999 -9999 -9999 -9999 -9999 -9999 -9999 -9999 -9999 -9999 -9999 -9999 -9999 -9999 -9999
33.76633 31.24417 29.58125 29.908 31.45969 33.59268 33.81048 32.21463 29.81418 27.30717 25.43844 25.07455 25.5218 25.32893 24.86389 24.72904 25.02564 27.35577 30.49015 29.87679 27.20493 26.23386 25.58952 25.62328 26.87094 28.6335 29.93916 30.0992 30.82666 31.9905 27.82229 22.54033 28.0986 28.96696 29.88199 31.63502 32.35641 31.82124 31.00272 29.87679 28.49679 27.44049 26.96906 26.12795 24.65582 22.9021 21.51144 20.10758 17.71328 14.79486 11.31949 7.371307 -9999 -9999 -9999 -9999 -9999 -9999 -9999 -9999 -9999 -9999 -9999 -9999 -9999 -9999
32.23609 30.5052 29.58125 29.39466 29.42278 30.49893 31.51638 31.40756 29.87679 27.90465 26.37455 25.20657 24.00749 23.11839 23.27723 23.99444 24.9643 27.62504 29.64078 27.75878 25.38549 25.66369 26.26955 26.47728 25.9983 27.19728 30.00129 31.43483 31.39806 30.63379 26.83184 22.62393 27.93542 29.3275 29.14753 30.0992 30.80698 30.5315 29.92748 28.98758 28.38604 27.91051 27.31781 26.59685 25.50312 23.63033 21.30693 19.31534 17.44795 16.39468 15.10435 11.31949 6.201054 -9999 -9999 -9999 -9999 -9999 -9999 -9999 -9999 -9999 -9999 -9999 -9999 -9999
32.31715 31.73538 31.53523 31.31116 30.68966 29.77231 29.20593 29.1312 28.51377 27.17736 25.4623 23.52503 21.86345 21.93801 23.34537 24.70942 26.14266 27.96176 28.00556 25.65023 24.18541 24.38324 26.26955 28.27023 27.22788 27.04806 28.53214 29.92229 30.65367 29.44551 27.89144 25.53028 29.53081 30.37434 28.80107 29.28843 30.09406 29.78802 29.31 28.68395 28.26305 28.49679 28.14927 26.98303 25.51331 23.19899 20.43932 17.96535 15.77035 13.91581 12.19438 10.6017 7.371307 4.16874 2.052775 -9999 -9999 -9999 -9999 -9999 -9999 -9999 -9999 -9999 -9999 -9999
31.66075 31.45969 31.39925 31.44549 31.59987 30.81928 29.29382 28.22281 27.47214 26.39386 25.18752 24.23142 24.20199 25.27045 25.84933 26.1165 26.79578 27.41482 26.91306 25.34952 24.3887 23.62079 25.15805 28.13191 28.33895 29.37454 29.69352 29.24926 30.08378 30.73421 31.83397 29.7093 31.82934 32.34969 29.61435 28.64473 29.28843 29.28843 28.88837 28.68395 28.02741 27.55926 27.26604 26.53957 25.7191 24.04286 21.33569 18.41883 15.73115 13.27067 10.60683 8.697658 8.159015 7.393958 5.062307 3.109633 -9999 -9999 -9999 -9999 -9999 -9999 -9999 -9999 -9999 -9999
30.888 31.44075 30.73298 30.66485 30.68098 30.18631 29.39466 28.55613 27.7158 26.62859 26.00818 25.79603 25.90411 25.50142 24.37596 24.65045 25.9554 26.91306 26.88031 26.33586 25.51501 24.42142 25.57431 27.63846 29.20051 30.67105 30.25262 30.99907 30.02066 29.12166 31.33501 27.90465 29.95471 31.59752 29.50819 27.55326 27.63846 28.7161 28.97796 28.783 27.82082 26.56823 25.7643 25.31691 25.03089 24.58586 22.86609 20.01384 17.27405 15.28852 12.77258 10.21938 9.094641 8.735691 8.406584 5.720433 2.901822 -9999 -9999 -9999 -9999 -9999 -9999 -9999 -9999 -9999
30.888 30.67105 28.7454 29.97025 30.66485 28.86763 28.0041 27.97491 27.6131 26.62859 25.84434 25.02039 23.78982 22.01009 21.39303 23.32204 25.59797 26.91306 27.44652 27.99097 27.29499 26.49487 27.67569 28.83577 29.88199 29.78802 28.72867 32.32277 32.00538 26.9675 27.14359 22.86409 26.90683 29.62889 28.00556 26.05423 25.58952 26.53957 27.75878 28.44293 28.15505 27.13591 25.73083 24.3887 24.30842 24.74862 23.60742 21.33127 18.99594 17.44795 15.28852 12.8267 11.44769 10.11188 9.577706 9.01551 6.671227 -9999 -9999 -9999 -9999 -9999 -9999 -9999 -9999 -9999
30.55401 29.42278 26.6159 28.30463 30.85859 28.37464 25.58445 25.24113 25.70904 25.27562 24.7504 23.30647 21.19139 19.78057 20.18644 22.61987 25.24631 27.41028 28.49821 28.79134 28.14782 28.05069 29.37454 30.01679 29.03148 27.94567 27.8885 32.09555 32.27667 28.15505 26.70767 19.80015 25.41967 30.29329 30.07349 28.40028 26.3665 25.35295 26.02299 27.16662 27.8885 28.12468 27.59069 25.07455 23.65322 24.41234 23.84452 22.14487 20.12913 18.60847 16.77508 14.35045 13.04473 11.76829 10.14426 9.374783 7.140669 -9999 -9999 -9999 -9999 -9999 -9999 -9999 -9999 -9999
