defaults/ash_slope.asc
ncols         382
nrows         266
xllcorner     157819.328125
yllcorner     384678.625
cellsize      30
NODATA_value  -9999
[rows 145 to 173 of 266, columns 264 to 329 of 382]
17.14217 11.63011 16.79624 21.31357 25.11636 27.17736 24.36138 20.44166 18.88443 17.35547 14.72425 12.26452 10.17653 7.973233 7.062044 9.577706 12.62555 15.81919 19.05009 21.01416 21.98257 24.14112 24.24244 20.5607 20.34764 25.4623 27.47214 25.07455 22.40687 19.97522 19.77322 21.0322 23.13218 25.45378 27.63846 30.4399 33.82176 37.09327 39.38065 39.97442 39.46153 38.04443 35.65814 33.52813 33.55002 34.14843 34.14843 34.90404 36.17337 37.50231 38.57847 39.23883 39.51043 38.62641 37.19922 36.09071 31.63853 18.44837 19.71921 34.85891 40.67192 39.15605 35.54424 32.45694 31.63502 32.62423
13.42939 19.10917 22.70911 25.41113 28.07539 28.06232 23.01558 18.23209 15.98069 14.15549 12.4894 10.86511 9.748033 8.380192 8.077001 10.53989 14.72425 18.96232 20.90319 21.04572 20.85767 22.58932 24.06887 21.19362 19.5361 23.88964 26.86312 25.09547 22.80188 23.27723 25.88421 28.2185 30.35917 32.30367 33.36667 33.58748 33.71071 34.59915 36.15208 37.21584 36.24325 34.14742 32.31715 31.77488 34.00213 35.28782 35.08522 34.81269 34.6849 35.31121 36.72751 37.79011 38.03891 37.77168 36.53452 30.96619 19.11686 21.01416 31.17933 38.39064 40.93142 38.423 35.04154 33.02387 32.67595 33.56564
23.86334 27.25384 28.41309 29.31 29.53081 26.53957 20.272 16.65659 14.48112 12.19438 10.99916 10.3731 10.03044 9.374783 8.735691 10.92491 17.35547 23.93089 25.07455 23.7501 22.63816 23.11839 24.76641 22.47682 19.90981 22.56485 26.4276 27.72767 28.64473 30.76385 33.19191 34.86372 35.6938 36.28204 36.4127 35.48144 34.44601 34.27649 34.22058 34.39564 34.06282 32.62423 30.23225 29.8989 33.23975 34.90404 35.71753 36.19905 35.60313 34.83582 35.48144 36.9309 37.09327 34.85506 28.14927 19.89037 26.04273 32.96351 35.88987 39.0292 39.56848 37.30034 35.24656 33.98185 34.00517 34.73052
29.29382 29.7093 29.27358 28.61665 26.91773 22.47682 17.36707 15.42325 13.34633 11.17999 10.35204 10.04679 10.07397 9.421579 7.832626 9.374783 16.01275 26.069 30.38444 28.86763 26.24685 25.15632 25.60303 24.62357 23.85957 26.069 30.00129 32.62423 33.78277 35.28782 37.37535 38.5998 38.28617 37.35889 36.43016 35.62974 35.14579 35.03488 34.22058 33.43396 34.11122 34.87333 32.5347 31.21178 33.80946 35.34764 36.22647 35.63616 34.41739 34.02137 34.06989 33.61241 29.94045 21.28922 19.89037 31.56934 36.58385 36.46154 36.82995 37.98202 37.68723 36.66143 35.88355 35.25782 35.79667 35.67643
29.35305 28.72448 27.19575 25.07455 22.73539 18.44837 15.04582 14.23311 12.01703 10.11188 9.898628 9.33363 9.208987 8.293805 6.37937 8.848749 14.49195 24.84798 33.65801 34.45292 31.42654 28.81218 28.22425 29.38527 31.50105 34.00517 36.03001 36.73522 36.64595 37.04296 37.92493 38.443 38.06727 37.11669 36.75147 37.32593 37.71704 37.19922 35.71753 34.64988 35.1335 36.7078 35.83292 34.59133 36.03001 36.67948 36.70266 35.49254 33.70865 32.85627 30.4399 22.46655 16.01275 25.13548 35.06149 39.68393 39.01142 36.57866 35.7676 36.42406 36.78223 36.65541 36.65541 36.63475 37.10917 35.67643
28.72448 27.05733 24.44865 22.24312 19.44369 14.5997 13.26268 13.8323 11.33382 9.208987 9.629145 9.719868 8.848749 6.696347 4.857533 8.767251 15.95177 23.21859 35.53318 39.53912 38.16459 36.10229 36.04252 37.30282 38.57847 39.64483 40.3944 40.12489 39.23883 38.81447 37.92811 36.70266 36.02374 35.91601 36.41969 37.33583 38.01365 37.96856 36.72751 35.57831 35.93492 37.53572 37.92493 37.83331 38.62489 38.00101 36.84016 36.2556 34.37782 28.55613 19.21135 21.26038 31.53523 37.87082 40.55964 40.42015 38.19195 35.34391 34.60306 36.40921 37.32593 36.97818 37.58125 38.11758 37.32593 34.52865
26.3407 23.63796 20.2554 17.15982 13.37805 11.00409 13.69053 13.90446 10.6478 8.543726 9.583437 10.74442 8.792413 4.679913 3.321432 9.191033 18.25386 19.52115 31.82934 42.17774 44.05555 43.32781 42.8906 42.87162 42.31637 41.113 39.80557 38.72412 38.5533 39.11192 37.33995 34.73052 33.79817 34.71888 36.4127 37.35889 37.58043 37.14341 35.49254 34.08301 34.42233 36.52064 38.23251 39.30881 39.27021 36.39523 32.01454 26.64444 19.07837 20.77538 31.0961 37.61287 39.79218 40.39779 40.48904 39.15311 36.59681 34.54728 35.31121 37.08238 37.35149 37.30034 38.53574 38.59295 35.462 31.58813
17.35547 14.78077 12.90947 8.246893 6.526987 12.4551 14.79486 12.4551 9.764889 8.582483 9.473928 11.31949 8.792413 3.769244 3.769244 12.60438 20.35707 22.16164 22.22853 36.90466 43.03247 43.9104 42.98057 41.9701 40.2944 37.86524 35.79757 35.25407 37.32923 39.53554 38.60208 34.97102 32.76035 34.36395 37.44428 39.15605 39.30881 37.79011 35.26439 33.39825 32.8693 34.66253 37.00682 37.5349 33.67456 24.05215 13.96111 18.18843 30.29329 39.15311 41.67751 41.10782 40.3489 39.79218 39.26073 37.42543 35.22401 34.97389 36.3532 36.90127 37.08238 37.92255 38.17085 35.93761 31.22619 27.68759
6.795865 6.37937 8.111279 6.201054 9.2982 14.50637 13.59765 10.64269 9.462322 9.473928 9.256682 9.566236 8.43945 7.853886 6.80409 17.2068 23.11051 24.30842 18.96232 23.78415 33.94528 37.96064 37.77488 36.14941 34.08301 33.05503 33.15459 34.86275 37.74277 38.38138 38.97876 37.2929 35.3215 36.81037 39.20884 40.3489 39.96327 37.83331 36.04252 35.33364 34.49624 33.76633 31.40281 24.36138 13.96111 16.45367 26.97371 35.72026 41.11493 42.0518 40.72245 39.75618 38.96093 38.59447 37.80132 35.84288 34.72373 35.91601 36.1352 35.78577 36.65799 36.88432 34.81269 30.39328 26.86312 25.13201
7.187414 6.466625 7.45401 8.118116 11.00902 13.70979 12.30377 10.2886 9.10675 9.473928 8.327143 6.526987 8.563128 12.95884 15.04237 20.45103 24.97834 23.02549 18.48053 15.26819 22.99175 29.53081 31.2777 31.33501 31.05251 31.2777 33.78277 37.77568 39.53912 37.87799 38.97876 40.15385 40.04672 39.96048 39.47809 38.19976 36.41969 34.99583 34.83871 33.98185 29.4602 22.37384 16.11801 18.50461 26.70609 33.18871 36.81037 39.32626 40.99348 39.62417 38.38832 37.7813 36.73779 36.84016 35.94391 34.29242 34.31928 35.15618 33.83814 33.78996 34.62356 32.88667 28.98758 24.45408 23.96457 24.28646
8.28043 6.173848 6.2551 7.832626 10.55538 13.59765 13.82849 11.19934 7.45401 7.371307 8.111279 7.233845 7.917305 11.61619 16.87454 22.33453 25.75761 24.15774 20.37591 16.20982 17.15982 23.21859 27.49472 30.24626 32.5103 34.46179 37.51698 39.46153 37.79011 35.41561 36.52845 38.53344 39.30881 38.49212 35.39981 30.78851 26.49647 22.56485 20.10758 20.78454 21.23593 23.82756 29.40269 33.19723 34.81269 35.93492 36.8308 38.18101 38.72186 37.26643 36.22293 34.93278 33.65077 34.22658 33.49261 31.10456 31.69927 31.67126 30.49141 31.36954 30.58896 27.92371 23.81059 20.82115 22.61987 23.65322
8.063246 5.951584 5.479269 6.063765 8.792413 14.22205 17.43931 13.62869 6.853225 7.233845 11.48537 13.51969 13.20657 14.62114 18.1227 23.7501 28.47555 28.49821 23.49042 17.69065 15.48341 18.80874 24.94145 30.06448 33.5906 35.84831 36.71723 34.6781 30.8119 28.96696 29.19508 30.33893 30.38066 27.88704 22.2785 15.9131 14.76313 20.12195 26.74234 30.83772 32.7516 34.14843 34.82715 34.3699 33.68387 33.50829 34.37881 35.31402 35.11364 34.28346 32.86387 31.05736 29.85464 31.37073 30.79221 27.22788 28.84686 28.6349 27.95152 28.85101 26.50446 24.28646 21.18246 19.53361 21.13553 21.83567
8.917089 6.457954 5.051153 4.679913 5.749849 11.08264 17.69065 18.26202 14.78077 14.26255 16.72356 19.92679 22.2785 24.63611 27.63846 30.67478 32.28005 29.37454 21.99316 16.16874 13.70979 15.59961 21.77781 28.27166 32.11261 32.97754 31.35169 28.30606 25.99006 24.63791 22.68482 20.38767 17.41335 12.81424 10.66312 16.13388 25.24113 31.44075 33.55002 33.4497 33.4497 33.50829 32.60658 31.42654 30.25644 29.97025 31.46324 32.35641 32.14102 31.50105 29.56136 27.79869 27.08048 29.50686 28.77326 25.28251 27.68759 27.25384 26.55391 27.19728 24.23142 21.86986 19.94618 19.07837 20.35707 23.29283
10.02499 6.721369 5.258953 5.051153 4.520227 5.322853 11.33382 18.35955 20.00178 18.8688 20.10758 23.97017 29.06023 33.60411 36.3497 36.45196 33.71071 27.72619 20.0716 14.74194 11.85034 15.48341 20.02589 24.05215 26.44364 25.36495 21.17577 17.23023 16.10529 15.56321 14.03624 11.31471 9.870927 10.8501 15.26819 23.11839 30.16074 32.96351 32.3396 30.95522 30.86717 30.86717 29.87679 28.40597 26.9675 27.39062 29.64078 30.81805 30.23225 29.07663 27.59069 26.06408 25.74423 28.6335 27.62504 24.68622 27.09743 26.47088 25.4623 25.79936 22.65644 19.44369 17.60548 20.01384 25.35295 29.45887
10.19798 7.233845 7.264627 8.111279 6.054499 1.01275 7.264627 14.1295 17.56269 18.45642 23.65131 30.12872 35.33364 38.60665 39.15605 37.19672 33.38247 27.16662 20.51879 16.70229 14.15549 18.1227 18.40268 16.69924 14.94882 13.91581 13.62869 13.3622 13.69053 13.20657 13.05695 12.94241 12.81424 14.43409 19.02691 25.75092 31.1251 32.75488 31.22619 29.54941 29.61435 29.078 27.35577 25.52688 24.89214 26.88343 29.16385 29.43348 28.15505 27.03724 26.26955 24.97834 25.5218 28.36037 26.60479 24.18541 26.26307 25.82603 24.82851 24.03728 20.43932 16.93148 17.78094 24.06887 28.84686 31.8617
9.898628 9.374783 11.47126 13.51969 7.45401 9.10675 12.08832 13.20657 17.23023 22.95197 31.4372 36.42406 38.39064 38.70599 37.01271 33.58332 28.30606 21.36879 18.19663 17.60548 18.87141 20.63028 17.00306 12.33854 12.41639 14.15549 16.26649 16.91652 16.02875 15.42994 16.3604 17.41623 17.9598 20.0788 22.75355 25.60303 30.22842 32.65396 31.61042 30.10305 29.69352 28.06377 25.24113 23.55957 24.89919 28.06377 28.88837 27.6131 26.35522 25.45378 25.13722 24.68622 25.90411 27.93835 25.35809 23.27528 25.21348 25.03089 24.10411 21.82283 17.99031 19.19861 25.2204 29.20051 31.05129 32.66716
9.514431 11.69482 16.3448 18.7563 5.520213 15.84517 17.84268 14.92097 22.25978 31.50105 36.79247 36.94189 35.51472 33.64041 29.81418 24.14112 17.67649 15.19677 16.89554 20.12913 22.30966 22.3511 17.39023 14.88257 16.59235 17.03871 18.68258 19.94618 19.24186 19.77077 21.84423 23.34537 24.15774 24.75752 23.39968 22.61987 27.79131 31.97675 31.91242 30.6847 29.46554 26.8428 23.50965 22.9021 25.9157 28.783 27.51275 25.41113 24.75752 24.02984 24.3632 25.05186 25.97026 26.55391 23.86334 21.60508 23.44608 24.45408 23.27723 21.35997 21.34231 26.00983 30.68098 32.49031 33.53751 34.36296
8.691301 12.36888 19.52115 22.03334 13.61706 19.3027 22.48093 21.83781 29.88199 35.24656 35.61506 33.60929 31.22619 27.51275 22.64629 18.69577 17.23023 16.91951 20.99158 25.01689 24.96956 21.66792 16.05751 17.57697 19.5361 20.35707 22.22435 23.88589 24.30842 25.89582 26.34877 25.10418 24.02984 22.37798 19.42363 18.89224 23.88589 29.10939 30.96619 30.63379 29.3638 26.18507 22.65644 22.54033 25.62496 27.56824 25.5218 24.3632 24.27547 23.62842 24.14112 24.69336 24.7504 24.28646 21.62244 19.37588 21.39303 24.44139 24.41234 24.00749 25.70401 29.1312 31.69927 32.47363 33.02387 33.96967
9.232867 13.12189 20.68341 23.62842 22.946 26.8381 31.27411 33.55002 35.12121 33.61241 31.87093 30.61512 27.72322 22.47682 18.22119 18.10072 20.43932 20.272 22.14487 23.88964 22.82398 16.60461 15.82569 19.1399 22.63613 25.13201 26.62859 29.04791 29.83377 28.253 21.83781 14.4522 13.86274 13.26268 11.04344 12.92595 17.57697 24.60023 30.12872 32.36761 32.81818 29.93916 26.02793 25.19791 27.55476 28.66715 27.31781 26.7628 25.18752 23.02153 22.47682 22.24937 21.86986 22.15955 20.57232 19.00885 20.18644 23.27723 25.25321 25.88918 27.14206 30.67105 33.16633 32.86061 32.69572 33.56668
13.59765 16.82339 22.72124 25.66369 29.18694 35.21367 39.1766 38.64919 36.10229 32.92567 30.0992 26.46448 20.63491 15.36952 13.40967 14.62828 17.84268 19.05009 19.22153 17.95702 15.7475 16.20982 20.35707 20.67188 26.41957 29.99224 30.49893 32.06707 28.88422 20.09799 6.654425 11.81851 21.18916 25.18752 24.04286 21.35997 21.06822 26.64444 33.19191 36.40572 37.91539 37.26974 33.90761 31.57639 32.5347 32.73846 31.72723 31.45969 28.12178 22.54646 20.51646 21.67441 23.18722 24.74862 24.41234 22.41718 20.36649 19.92679 21.66576 24.46133 27.68015 31.82124 33.73236 33.19191 33.56668 34.67226
18.92343 21.18246 26.12795 29.75265 33.95748 38.46758 39.46441 36.82995 34.0598 30.01292 24.47582 18.4591 12.91359 10.3731 10.43076 11.81851 14.1295 16.51857 17.50831 14.71008 14.76313 21.04572 22.63613 23.90278 30.03356 31.55876 29.56136 27.41028 19.95345 15.38298 20.3075 25.20657 28.98758 33.7169 36.49199 35.80755 32.71327 31.90436 35.02727 37.92731 39.55631 40.52203 38.92518 36.59594 36.47198 36.31371 34.51687 34.41047 31.99966 24.75752 23.11642 26.47728 28.56599 29.21271 28.81218 26.87562 22.70507 18.64822 18.54731 21.60508 25.54892 30.02582 31.67126 31.65374 33.52813 35.17505
22.73539 25.20657 29.24385 32.68913 35.77851 37.65979 35.16278 30.19781 25.67546 19.2317 13.3622 9.876473 8.399994 8.848749 9.937269 11.80483 13.59377 15.40313 16.30727 13.65579 20.40647 23.84452 23.63796 27.47214 30.91003 27.94567 23.64559 25.80437 31.22619 35.80755 36.90466 34.72373 33.03247 34.27948 37.67271 40.37608 39.30517 35.98433 34.97389 35.94841 37.23991 38.72714 38.75655 37.8971 37.96856 37.93049 35.46756 34.15445 33.69007 30.12615 28.98758 30.49893 31.39925 31.03431 30.78974 29.76314 25.80437 21.00062 19.79281 21.9061 25.15805 29.02052 31.00272 31.91702 33.82586 34.76537
24.68443 26.47728 28.14493 30.38066 31.33144 28.96146 22.11549 15.64251 12.4551 8.159015 5.479269 5.64122 6.696347 8.478713 9.748033 11.10219 12.75587 15.00434 14.54954 15.28852 25.18752 25.21348 24.23142 27.53077 27.99389 25.62328 29.22355 36.77113 42.38789 44.27896 42.77346 39.38065 36.31722 34.86275 35.36349 37.21335 38.47142 37.71623 36.17691 35.07288 34.83197 35.45088 35.88987 36.78223 37.8971 37.64929 35.7394 33.62797 33.55002 33.48739 32.20446 31.58813 31.76443 30.78974 30.77002 30.76385 28.77883 26.49168 24.47039 24.51379 27.06968 30.31993 33.02602 34.02137 33.66216 33.31074
22.56485 22.20139 20.85767 21.09294 19.59574 14.8265 9.01551 6.729689 7.506143 6.62914 4.822542 5.062307 6.39692 8.056359 8.380192 9.583437 12.62555 15.04582 13.07322 20.02349 27.8885 25.57431 22.9021 24.9221 29.77231 36.04252 40.93534 43.6894 44.67048 44.03004 42.08581 39.4464 36.64595 34.22358 32.84757 33.21744 34.92799 36.15829 36.02374 35.56543 35.38585 35.59854 35.63891 36.23265 36.62355 35.87001 35.31121 33.92798 33.21744 33.9463 33.55002 32.69023 32.78219 32.23609 32.00767 32.48364 32.12739 31.34216 29.50819 27.78096 28.73564 32.01339 35.05674 34.96243 32.64185 31.93082
17.45659 15.69183 13.01209 12.05274 10.74442 8.842508 7.952309 8.478713 9.421579 9.046032 7.125016 6.13738 6.721369 8.111279 8.056359 9.577706 13.51578 14.24416 12.72658 23.01558 27.85764 27.2401 29.26007 34.74796 40.43841 43.55869 44.28419 44.49022 44.04599 42.34681 40.14351 37.6711 34.93278 32.21463 30.41471 30.99907 32.96783 34.57568 35.41468 36.05682 37.09327 38.11444 38.03891 36.97565 35.44532 34.21858 34.35403 34.1082 33.6787 34.01733 34.29441 34.561 35.25126 36.03805 36.6201 37.88357 38.88936 38.81672 36.64595 32.68913 31.00272 33.65077 36.32776 35.57739 32.52694 31.58696
14.08483 12.8267 11.08264 10.30979 10.47768 10.92491 11.64863 12.62555 12.52359 10.96953 9.142973 8.406584 8.935632 9.392361 9.046032 10.67842 14.86507 13.61706 15.0734 23.7501 28.05651 32.8693 38.01049 41.50071 43.02962 43.03532 42.25111 41.12334 39.38355 37.3556 34.93278 32.53691 30.58023 28.44293 27.44049 28.98208 31.97216 33.65077 34.64695 36.10229 37.76445 39.80134 40.71183 39.06987 36.2556 33.90761 33.13217 33.64145 33.92085 33.46122 33.72 34.87045 36.77625 39.22128 41.19815 42.37539 42.63552 42.42173 41.02736 37.11251 33.36983 35.01108 37.80132 36.74377 33.4832 31.93082
12.94652 13.20255 13.12189 13.05695 13.5236 14.3978 14.83353 14.50637 13.64031 12.64667 12.09276 12.36888 12.77675 12.7098 12.81424 14.03624 17.06243 14.96272 17.56269 25.11636 29.30595 33.52813 36.73779 38.07278 38.51433 38.82347 38.38138 35.63524 31.31116 29.28843 28.05069 26.49487 25.81603 24.40689 24.13187 26.70609 30.78851 33.56772 34.561 35.75305 37.54223 39.64483 41.55673 40.96934 38.1364 35.08522 33.32236 34.32425 35.93042 36.45196 37.04296 38.3945 40.51059 42.44248 43.18821 42.36409 40.06059 38.06176 37.67271 36.53105 34.44306 36.16361 38.44607 36.61752 33.79715 33.10114
12.26015 13.59765 14.43409 15.46673 16.06708 15.96463 15.43999 15.26819 15.53334 15.61613 15.61613 16.22874 17.02684 17.68782 18.09797 17.49396 17.39023 16.52781 18.66144 25.92398 28.93391 30.61388 32.70669 33.85963 34.01935 34.03756 32.42461 27.55476 22.30966 21.85491 22.86609 22.58117 22.946 22.66253 22.00797 24.11152 27.83998 31.44075 33.98996 35.50271 37.50639 39.18027 40.87501 41.89964 40.51395 37.35807 35.12972 35.19861 36.94611 39.7943 42.03111 43.43069 44.08102 43.67142 42.76825 41.88735 40.35094 38.1552 36.53105 35.50641 35.3579 37.5349 38.29239 35.49254 32.1773 31.27411
10.53989 14.78077 14.88257 15.9131 16.87454 16.99413 17.16864 17.67649 17.932 18.02353 18.20209 18.70368 19.74133 20.40647 20.26251 19.59574 18.92602 19.07837 19.52115 22.65644 25.01864 25.28251 26.17366 26.57778 25.62328 22.71114 19.88794 19.53361 18.28646 17.84268 19.24186 19.97522 20.34764 20.95765 20.75932 22.09236 24.77885 27.89144 31.2789 34.03756 36.69665 38.97356 40.33257 41.47357 41.7515 39.75265 37.67513 36.99588 37.99705 40.56232 42.46379 42.55284 42.02868 41.19815 40.45261 40.66193 40.91438 40.11868 38.44761 36.64595 36.17337 37.61935 37.3556 34.72761 30.99542 27.8885
