defaults/ash_slope.asc
ncols         382
nrows         266
xllcorner     157819.328125
yllcorner     384678.625
cellsize      30
NODATA_value  -9999
[rows 174 to 202 of 266, columns 264 to 329 of 382]
11.99466 14.65679 17.00306 15.80619 16.51857 18.02629 19.44369 20.272 20.43932 20.60944 20.95765 21.41942 21.97409 22.50963 23.29283 23.97577 23.92527 22.41718 20.828 18.94677 19.78057 18.25386 16.30727 14.49195 13.05695 12.36888 16.13388 18.7563 17.95702 16.48461 16.99413 17.86786 17.82307 18.28646 19.02691 20.06439 22.09236 25.03089 27.88704 31.10577 34.3699 37.66625 40.13593 41.15628 41.43055 40.96934 40.06059 39.42476 38.92518 38.64236 38.97579 38.61881 38.11836 38.19976 38.19976 38.27375 38.66057 39.044 38.58152 36.49199 34.74021 36.26089 36.35671 34.22358 30.67105 27.19728
22.65441 15.31896 17.60548 17.60548 16.41955 18.28646 20.66495 21.82283 22.30966 22.71114 23.04728 23.65322 24.65582 25.65023 26.29708 26.35038 26.04273 24.9836 23.50965 20.44166 19.22153 15.73115 11.76829 8.842508 9.392361 13.91959 17.25069 19.11686 18.32982 16.72356 16.05432 16.11801 16.05112 16.06708 17.13627 17.67649 18.88443 22.54646 25.84933 28.47555 31.25975 34.66253 38.63097 40.94385 41.08385 40.55964 39.71017 38.57847 36.78991 35.03868 34.76247 35.17788 35.44717 35.79667 36.07734 36.29788 37.05975 37.93049 37.96064 36.23265 33.70865 35.0909 34.75376 31.91702 28.05069 25.41113
32.20446 26.08867 19.97522 19.18077 18.35145 18.00139 19.87578 21.57901 22.62393 23.18133 23.73873 24.74862 26.23873 27.44049 27.63101 27.4631 27.53677 27.19575 25.20657 21.19139 19.59574 17.13627 13.79797 11.03853 12.30377 16.03195 18.56861 20.78454 20.19835 18.20209 16.31666 14.99395 14.92097 14.93838 15.46673 15.42325 15.38298 18.60847 22.99771 26.06408 28.253 30.75274 35.12121 38.81071 40.25271 39.86884 37.58368 35.33364 34.11525 33.11506 32.20559 31.97675 32.66716 33.41717 34.00314 34.37881 35.33924 36.73351 37.73072 37.58043 35.16373 33.69523 30.85613 26.95818 23.73684 22.21183
36.03001 34.66253 30.26661 25.41113 22.83201 21.86986 21.68089 22.79182 24.06887 24.82143 25.43503 26.20623 27.19728 27.91198 27.85764 27.60862 26.28413 23.06114 18.65086 15.63922 16.20982 16.63215 16.05751 14.1295 14.23311 17.10974 20.82115 23.29088 22.9021 21.04572 18.18843 14.56748 13.7712 14.65679 15.12838 14.62114 12.95884 13.72133 17.41623 21.26038 23.88964 26.11323 29.97025 33.9463 36.7078 37.98202 36.57866 34.28346 33.02387 32.81818 32.66716 31.90436 31.46324 31.22619 31.74468 32.62423 34.03857 35.7676 37.19922 38.16146 36.56569 32.86061 27.82082 23.58638 22.14487 22.63613
35.14579 35.97266 35.57372 33.64145 31.44431 29.3732 27.04806 25.96366 26.23873 27.01712 26.94575 26.35038 25.99006 24.90448 22.61987 19.85873 16.07983 12.53639 9.876473 9.832004 12.40776 15.33246 17.38733 16.83545 14.85106 15.82244 20.88728 24.47582 24.14112 22.86209 20.52345 15.04582 12.50651 14.4522 16.3604 16.25392 13.34633 11.70863 12.72658 15.0734 17.34387 19.96796 23.43063 27.09743 30.50896 33.38247 34.18053 33.03785 31.66659 31.51166 32.36761 32.66716 32.76035 31.99966 30.72927 30.16074 31.22619 32.8693 33.58748 34.66059 34.86275 32.5225 28.4883 24.92738 22.81796 22.09236
32.57013 33.63316 34.61868 34.84352 34.27948 32.66056 30.21695 28.14927 26.35522 24.51379 22.87811 21.17354 18.91044 15.24103 10.60683 6.990494 5.269658 6.388151 6.754584 7.36374 10.02499 13.008 16.11801 18.8688 16.73873 15.33246 20.11955 24.27913 23.49812 22.36764 21.31357 16.41644 12.62132 14.54954 17.78938 18.27561 14.92097 11.89113 11.39565 12.19438 12.62555 14.31024 16.91951 19.18077 21.96561 25.8925 28.8219 29.16929 28.31751 28.32752 29.64078 30.74904 32.06707 33.05503 32.28117 29.97025 28.16805 28.44293 28.85794 29.24385 30.12487 30.38066 30.09406 28.81357 25.41113 21.60508
27.12976 28.51518 29.94045 30.98568 31.45496 30.19142 27.09435 23.39774 19.18842 15.00434 12.36455 10.3731 8.104436 5.322853 2.569503 1.217118 2.456395 4.16874 4.763642 5.730256 7.45401 8.530766 11.94527 17.982 18.60847 18.1227 22.40687 24.46133 22.22435 20.91228 20.5351 17.48535 13.7712 14.27724 18.35145 19.49621 16.71445 13.3622 12.62555 13.59765 13.04473 12.77258 13.61706 14.22205 14.85457 17.35547 21.56378 24.45046 24.62357 24.37778 25.58445 27.09743 28.50953 30.06448 30.92104 29.71062 26.54276 24.27547 23.69128 23.92527 24.91153 26.97371 30.08378 31.8617 30.91003 28.14493
17.86786 19.83679 20.97802 21.23593 20.272 17.59693 14.15549 10.6478 7.371307 5.051153 3.843668 2.901822 2.456395 2.1343 1.909152 1.817522 2.385944 3.035724 3.631393 3.843668 3.945476 3.372287 6.13738 13.61706 18.43495 21.09294 24.76641 24.76641 21.99316 20.34764 19.95345 17.41623 13.61706 13.32647 17.57697 19.15268 18.26202 18.19663 18.4591 19.21135 18.82966 17.23023 15.90988 15.16946 14.23311 13.59765 15.82244 19.19352 20.38767 20.55605 21.28035 22.53215 23.88025 24.66476 25.44697 25.89582 24.27364 22.027 20.73866 20.14826 20.67188 23.1243 26.72501 28.99445 30.7478 30.46128
8.735691 9.764889 9.697272 8.792413 6.80409 4.315449 3.109633 2.901822 2.901822 2.862405 2.862405 2.862405 2.719923 2.263636 1.909152 2.1343 2.698951 2.385944 2.1343 1.967864 2.052775 1.217118 2.052775 7.393958 16.05432 22.83803 25.96366 25.32893 22.9997 21.33569 20.11955 17.52837 14.03624 13.42939 15.9131 16.80228 17.86786 21.57901 23.8934 24.63432 24.57866 23.57107 21.62244 19.59326 18.00139 16.13388 15.48008 16.73873 17.65381 18.05666 18.73528 19.29511 20.38767 20.95991 20.97802 22.14487 22.46655 21.955 21.84423 21.66576 21.62244 22.38417 23.37643 22.84806 24.27913 24.66655
4.393377 4.393377 4.114075 3.814075 3.584252 3.181813 2.901822 2.901822 2.901822 2.862405 2.862405 2.862405 2.635026 2.160789 1.909152 2.052775 2.385944 2.052775 2.1343 1.687605 1.391763 0.9548413 1.06752 2.698951 10.48288 21.33569 27.22788 26.58573 24.11152 22.99175 21.33569 18.71422 15.6491 14.1295 14.43409 12.94241 14.95925 22.41718 26.57937 26.72029 26.12141 25.98346 25.30316 23.46922 21.51799 20.60017 19.26217 18.00139 17.75279 17.87904 18.35955 18.27289 18.89224 19.89037 19.83191 20.37591 21.74342 23.27723 24.83736 26.38904 26.95818 26.38904 24.83736 22.21601 20.80972 17.90136
4.679913 4.222687 3.931096 3.814075 3.471741 2.882181 2.635026 2.635026 2.160789 1.909152 1.909152 1.909152 1.909152 1.909152 1.909152 2.385944 2.698951 2.263636 2.719923 2.433139 1.432096 0.9548413 1.06752 1.350224 4.393377 14.31024 25.52858 28.18392 25.92398 24.89919 23.70838 21.19362 16.99413 14.22205 13.65579 10.80495 14.62114 20.92364 24.12632 25.70904 25.68218 25.94383 25.99006 25.41113 23.27333 22.04812 21.65061 20.22215 18.82966 18.23209 18.93381 19.17311 19.47372 20.67188 22.14068 23.91965 26.12795 29.14345 32.24512 34.37782 34.68782 33.03247 29.01092 23.34343 19.07837 18.00416
4.520227 4.380487 3.931096 3.584252 3.520405 3.199601 2.862405 2.862405 2.862405 2.862405 2.635026 2.160789 1.909152 1.909152 1.909152 2.456395 3.05437 2.263636 1.967864 2.1343 1.967864 1.909152 1.817522 1.687605 1.721006 5.808223 17.48535 26.97371 28.2372 27.48268 27.22176 25.26183 19.68967 14.88956 13.59765 12.4894 18.13368 19.42363 17.50831 21.28035 23.49042 24.82851 25.04837 25.07455 24.27364 22.80188 21.83781 18.87141 16.80228 17.14217 18.32982 20.15542 21.62244 23.82756 26.59685 29.56136 32.15123 34.83582 37.18092 38.07907 36.97818 32.95055 25.87093 19.53361 19.11686 20.31223
2.882181 3.520405 3.471741 3.016961 3.05437 2.882181 2.862405 2.862405 2.862405 2.862405 2.901822 2.901822 2.862405 2.635026 2.160789 2.1343 2.698951 2.1343 1.817522 1.721006 1.687605 1.687605 1.721006 2.024868 2.052775 2.456395 7.416537 19.21135 27.1482 29.50154 30.90759 30.17097 24.75752 17.72176 13.82849 14.93838 19.77077 16.3604 12.17678 15.73115 19.59326 22.42336 23.27723 22.41512 22.41718 22.41718 22.86609 19.47372 17.52837 19.52115 21.28035 23.7501 26.23386 28.71331 31.05736 32.97754 34.51294 35.82206 35.48144 32.2327 27.31933 22.93404 21.287 20.80972 22.70911 30.54025
1.391763 2.052775 2.1343 2.456395 3.109633 3.016961 2.862405 2.862405 2.862405 2.635026 2.433139 2.635026 2.862405 2.719923 2.263636 2.1343 2.698951 2.1343 2.1343 2.1343 1.687605 1.391763 1.350224 1.721006 2.052775 2.361991 3.035724 8.716697 19.47122 27.67569 32.48252 34.40256 31.55876 23.85017 15.22062 15.33246 17.75561 12.35156 9.10675 11.48537 16.18456 20.38767 22.09236 20.35707 19.18077 19.82703 21.65061 21.52672 23.00962 25.65023 28.35466 31.09247 33.33081 35.11364 36.75147 37.94398 38.07278 35.00918 27.6861 21.74342 20.0908 21.35997 25.9983 30.46128 34.86372 37.67513
1.06752 1.350224 1.391763 1.967864 2.882181 3.016961 2.862405 2.862405 2.862405 2.901822 2.719923 2.160789 1.909152 2.1343 2.1343 2.1343 2.698951 2.052775 1.721006 1.817522 1.817522 1.687605 1.350224 1.721006 1.687605 2.052775 2.698951 3.389067 9.039936 19.17056 28.46847 34.58742 36.37423 32.00767 22.31173 18.6588 17.2068 13.14211 11.2764 11.61619 14.82299 19.92679 22.03334 20.34764 18.54198 17.39023 18.39461 21.91249 27.02332 30.92592 33.64145 35.71753 37.5349 38.96315 39.52837 38.423 33.30651 24.71299 18.60847 18.78516 26.95818 32.69023 36.0916 38.08694 36.81292 30.06448
1.391763 1.391763 1.687605 1.909152 2.1343 2.052775 1.432096 1.687605 1.909152 1.967864 2.1343 1.967864 1.909152 2.1343 2.1343 2.1343 2.698951 2.361991 1.721006 1.687605 2.1343 2.361991 1.687605 1.687605 1.721006 1.687605 2.052775 2.024868 3.372287 9.039936 18.57659 28.51377 35.97805 37.16676 30.85613 25.25493 20.48845 16.05112 13.96111 13.59765 15.61613 21.59857 24.37778 22.44189 20.17929 17.03871 17.14511 22.944 29.59847 34.19556 36.57001 37.63635 38.37366 38.08694 35.3215 29.22355 24.17066 22.37798 25.17193 35.80755 40.00505 40.27801 39.52119 37.9416 33.06792 26.10341
1.391763 1.687605 1.687605 1.217118 1.350224 1.721006 0.9548413 1.06752 0.9548413 1.06752 1.391763 1.687605 1.687605 1.721006 1.721006 1.687605 2.052775 2.361991 2.1343 1.687605 1.721006 2.361991 2.361991 1.721006 1.721006 2.052775 1.687605 2.052775 2.385944 3.723867 8.735691 17.44795 28.2372 34.14843 29.94045 22.64629 19.1399 18.54731 18.69577 19.37084 21.06597 26.16061 30.26916 29.26143 26.7628 23.46922 22.01643 26.72029 31.33263 33.47065 34.83582 34.99965 33.25567 29.41743 25.15632 25.25493 27.85323 36.15829 45.35417 45.89116 41.96399 39.19786 37.47128 34.24356 31.27411 29.97025
1.687605 1.687605 1.391763 1.06752 1.350224 1.687605 1.432096 1.217118 0.9548413 1.06752 1.06752 0.9548413 1.06752 1.350224 1.350224 1.721006 1.687605 2.052775 2.1343 1.817522 1.721006 2.052775 2.698951 2.1343 2.1343 2.698951 2.052775 1.687605 1.817522 1.509527 2.456395 6.063765 16.03195 24.94145 20.74784 12.50651 13.16632 18.45642 23.83322 26.19484 27.41028 31.04644 35.98433 37.99468 37.96064 36.73522 34.19556 33.38247 32.89643 30.12487 27.32693 23.90278 20.38767 19.31534 23.69128 32.5347 42.04694 47.74757 47.25211 43.33395 41.0631 38.54414 35.00441 33.65905 34.73246 32.22593
1.687605 1.391763 1.391763 1.509527 1.721006 1.721006 1.217118 0.9548413 0.9548413 1.06752 1.06752 0.7548945 0.675206 1.01275 1.350224 1.687605 1.817522 2.1343 2.1343 2.1343 2.052775 1.721006 2.361991 2.052775 1.721006 2.361991 2.361991 2.1343 2.385944 2.1343 2.698951 2.698951 11.08264 21.72619 17.15688 10.77977 12.10607 17.15688 23.68177 27.32693 28.7454 31.61042 36.37511 39.83091 41.6962 42.57693 41.07218 37.11251 31.82124 24.23142 18.37035 15.42994 16.51857 23.21859 33.69833 42.00674 45.6352 44.77948 41.48683 39.88567 40.40389 38.73393 36.07288 37.84609 39.37269 36.24325
1.06752 1.350224 1.06752 1.06752 1.350224 1.350224 1.06752 0.9548413 0.7548945 0.675206 0.7548945 1.06752 1.06752 1.06752 1.350224 1.350224 1.06752 1.391763 1.721006 1.721006 2.052775 2.1343 2.385944 2.361991 1.687605 1.721006 2.1343 2.719923 3.584252 3.520405 3.708617 4.16874 8.984877 16.48461 14.93838 12.62555 14.66747 19.82703 21.31579 19.56346 20.40412 23.18133 28.37891 32.96783 35.1335 35.88987 35.9088 33.70865 27.15434 20.38767 18.54198 20.70415 27.14206 34.46869 38.74525 39.72435 38.42531 36.17337 34.6781 34.66253 35.38865 36.10941 37.03877 39.74699 41.53598 40.60853
0.675206 1.01275 1.01275 0.675206 1.01275 1.350224 1.06752 0.9548413 1.06752 1.01275 0.3376147 0.3376147 0.7548945 1.06752 1.350224 1.350224 1.06752 1.217118 1.721006 1.721006 1.817522 2.1343 2.385944 2.698951 2.361991 2.1343 2.385944 3.181813 4.393377 4.222687 3.520405 4.43182 6.926249 9.508657 9.374783 10.38886 14.1295 17.06243 12.62132 5.885129 5.951584 8.118116 12.62555 18.80088 24.00749 27.20493 28.70073 28.48547 26.36005 25.38549 27.53677 31.1444 34.65767 35.77851 33.58332 29.80241 26.23386 23.83322 22.68482 23.88589 28.0986 32.73956 35.93402 38.29549 38.07907 35.38585
1.01275 0.675206 1.01275 1.01275 0.675206 1.01275 1.06752 0.7548945 0.675206 1.01275 1.06752 0.7548945 0.3376147 0.3376147 1.06752 1.06752 0.7548945 0.9548413 1.350224 1.350224 1.06752 1.350224 1.687605 2.361991 2.781886 3.109633 3.471741 3.945476 4.072588 3.843668 3.33847 4.058664 5.139694 6.201054 6.926249 8.735691 9.787315 9.421579 5.139694 0.9548413 0.7548945 1.01275 1.817522 4.691967 9.280431 14.48112 17.67649 20.12195 23.79927 26.64444 29.02737 29.63417 28.57726 25.27562 20.272 16.28533 14.06616 12.30377 11.04344 12.88884 19.21135 27.42237 33.42767 36.15563 34.59231 30.68842
1.01275 1.01275 0.675206 1.01275 1.01275 0.675206 0.7548945 1.06752 1.06752 1.06752 1.06752 1.06752 1.06752 0.7548945 1.06752 1.01275 0.7548945 0.3376147 0.7548945 1.01275 1.06752 1.350224 1.350224 1.721006 3.181813 4.058664 3.814075 3.814075 3.109633 3.016961 3.438912 4.393377 5.385977 5.875573 6.201054 6.762861 6.466625 5.875573 3.321432 0.7548945 0.7548945 1.06752 0.3376147 0 0.3376147 1.721006 3.520405 6.603755 11.20418 14.4087 15.59961 15.23763 13.20657 9.427411 6.201054 5.258953 5.885129 6.762861 7.653049 9.046032 11.65326 18.30545 27.95152 34.3897 35.78577 34.30835
0.675206 1.01275 1.06752 1.217118 1.721006 1.391763 0.7548945 0.675206 0.7548945 1.06752 1.06752 1.06752 1.06752 1.06752 1.350224 1.06752 1.06752 1.01275 0.675206 0.7548945 1.06752 1.350224 1.350224 1.721006 3.646971 4.315449 3.646971 3.769244 3.109633 3.05437 3.843668 4.822542 5.550718 5.875573 5.479269 4.972358 4.16874 3.769244 2.1343 0.3376147 0.3376147 1.06752 0.7548945 0 0.3376147 0.7548945 1.350224 1.687605 2.263636 3.372287 3.814075 3.646971 2.882181 1.509527 1.01275 0.7548945 0.675206 2.1343 4.822542 8.056359 8.767251 9.374783 17.66232 29.24926 35.98343 38.11444
1.06752 1.06752 1.06752 0.9548413 1.350224 1.350224 1.06752 1.06752 0.7548945 0.675206 0.7548945 1.06752 1.06752 1.06752 1.391763 0.7548945 0.3376147 1.01275 1.06752 0.7548945 0.675206 1.01275 1.350224 1.721006 3.931096 4.222687 3.520405 3.769244 3.389067 3.321432 3.769244 4.582315 5.006282 5.006282 3.931096 2.901822 2.456395 2.719923 1.687605 0.9548413 0.9548413 0.675206 0.7548945 0.3376147 0.7548945 1.01275 1.391763 1.721006 1.217118 0.9548413 0.9548413 0.7548945 0.3376147 0 0.9548413 0.9548413 0 0 1.06752 5.269658 7.36374 5.64122 8.697658 20.38532 32.92567 39.43269
1.06752 1.06752 1.06752 0.7548945 1.06752 1.01275 1.06752 1.06752 1.06752 1.06752 0.7548945 0.675206 0.7548945 1.06752 1.721006 1.350224 0.7548945 0.675206 0.7548945 1.06752 1.01275 0.675206 1.01275 1.721006 3.520405 4.393377 4.380487 4.044691 3.520405 3.646971 3.931096 4.16874 3.769244 3.708617 2.719923 1.909152 2.1343 2.698951 2.1343 1.909152 1.909152 1.509527 0.4774538 0.4774538 0.9548413 0.9548413 0.3376147 1.01275 1.06752 0.9548413 0.9548413 0.7548945 0.3376147 0 0.9548413 0.9548413 0 0.675206 2.052775 3.945476 5.710593 5.322853 5.128712 11.94527 26.21111 37.45083
1.01275 0.675206 0.7548945 1.06752 1.350224 1.06752 1.06752 1.06752 1.06752 1.06752 1.06752 1.06752 0.7548945 0.675206 1.391763 1.350224 1.06752 1.01275 0.3376147 0.3376147 1.01275 1.01275 0.675206 1.391763 2.456395 3.109633 3.769244 3.708617 3.199601 2.901822 3.016961 3.708617 3.389067 3.438912 2.698951 1.909152 2.1343 2.698951 2.1343 1.909152 1.909152 2.1343 1.721006 0.4774538 0.9548413 0.9548413 0 0.3376147 0.7548945 0.9548413 0.9548413 1.06752 1.01275 0.3376147 0.9548413 0.9548413 0 1.509527 2.781886 2.781886 4.058664 4.857533 3.843668 6.423151 16.15608 28.98346
1.01275 1.06752 0.7548945 0.675206 1.01275 1.01275 0.675206 0.7548945 1.06752 1.06752 1.06752 1.06752 1.06752 1.01275 1.06752 1.01275 1.06752 1.350224 1.06752 0.7548945 0.675206 1.06752 0.7548945 0.9548413 1.909152 2.160789 2.456395 3.05437 3.199601 2.719923 2.456395 3.438912 3.520405 3.199601 2.361991 1.909152 2.1343 2.698951 2.1343 1.909152 1.687605 1.687605 1.721006 1.01275 0.4774538 1.06752 0.3376147 0 0 0 0 0.3376147 1.06752 0.7548945 0.7548945 1.06752 0.3376147 1.909152 2.862405 1.909152 3.109633 4.114075 3.016961 3.199601 6.754584 15.84517
0.675206 0.7548945 1.06752 1.06752 1.06752 1.350224 1.01275 0.3376147 0.3376147 0.7548945 1.06752 1.01275 0.675206 1.01275 1.350224 1.06752 1.06752 1.350224 1.06752 1.06752 1.01275 1.06752 1.06752 1.06752 1.817522 2.1343 1.687605 2.052775 2.385944 2.052775 2.052775 3.016961 3.471741 2.882181 2.052775 1.909152 2.1343 2.361991 1.391763 0.9548413 1.06752 1.721006 1.721006 1.350224 0.675206 0.7548945 0.7548945 0 0 0 0 0 0.7548945 1.06752 0.675206 1.06752 0.9548413 1.967864 2.635026 1.909152 2.862405 3.584252 2.719923 2.456395 3.05437 7.832626
